4637
1387
50
1286
1082
4122
2109
4758
4706
4008
2176
893
4460
627
3579
1631
3329
2428
1243
2949
3140
3783
1899
303
3753
1765
4870
2993
2874
3797
1450
4950
2462
1663
3887
4396
3101
4056
3487
4147
2508
3888
2027
3961
1668
4740
3535
2406
4346
1384
1868
4051
2095
4903
2456
862
4189
2362
2839
3886
2638
691
1022
2693
4291
4760
1598
1520
449
259
2610
4016
661
1547
1766
2361
2218
3332
453
2029
1910
389
2268
2800
2039
2942
2308
2372
608
549
63
956
4059
3942
1458
4506
1989
3970
1225
721
428
1750
1738
4739
456
3570
2239
3893
2103
2099
3229
520
4478
3810
4623
851
3
3754
1160
2132
4745
4096
71
2393
3303
1842
1297
734
3678
1431
4844
1512
325
3363
3539
2903
4932
947
3072
1924
4121
3460
247
60
3599
3533
3198
570
15
3311
4475
2351
3625
4340
4735
2633
4603
1961
500
1686
1296
347
1069
2604
4806
1652
407
39
2139
249
3988
4011
131
1079
4084
4752
2110
3264
997
3681
366
1193
4476
2157
4616
724
4937
1196
320
4277
1455
2067
3633
4473
4520
1830
546
1983
139
509
716
1835
3734
1740
2678
3855
4545
2038
537
4310
861
4382
2237
4713
4181
1883
434
3083
4855
4724
3399
4074
3386
1813
1604
332
3389
1491
1464
3351
3876
660
4455
3183
1294
4927
3818
3573
3766
2061
2232
4020
842
314
4887
1110
380
2655
2681
492
3038
2709
4642
310
1091
2644
3880
3463
2602
841
513
274
3097
565
2081
2438
4156
522
4410
4129
2696
168
3150
231
535
890
2803
3178
3116
3591
4575
1155
1856
1610
375
2819
1214
2440
55
3936
4669
3057
4445
4173
4299
1834
1234
461
3279
767
3931
2320
496
2323
2019
3709
1149
3062
2802
1112
1872
4624
1667
1107
122
2424
1821
4874
1968
2411
4356
4697
235
3807
268
1356
3210
860
3907
1887
315
4936
1554
3517
865
2753
4811
2855
42
3742
3598
3603
2240
1229
1096
992
3777
515
318
209
3727
3922
2191
1536
2943
1402
977
3976
1273
1970
4444
3873
2824
507
3494
4329
2444
2660
4759
1748
51
451
1017
949
4866
216
2287
4335
1245
2129
361
871
3769
101
3234
1123
3122
4498
3733
3580
780
4891
3293
4841
1012
2701
962
494
1238
2586
13
1946
4568
898
195
2194
10
2618
2780
468
348
633
2668
4558
1398
4743
4502
2056
1751
1068
514
1907
4792
1451
4227
2207
1046
4394
2482
3374
4434
1374
1822
1895
3699
4810
2078
2609
3260
3188
2997
386
3711
214
3500
1719
2873
498
3051
413
3033
2733
4033
2363
1018
3030
4306
3372
3833
2276
2064
2125
2783
972
1223
4430
4438
1496
1148
2977
4908
924
2041
2052
1811
345
1688
597
3631
4085
1717
3516
1005
3852
4233
1724
3248
2806
902
3569
3819
1581
737
3063
4385
4493
2295
3315
2680
572
3821
1056
3191
1684
3139
1266
138
2181
4252
4034
239
968
1673
657
2742
1302
2744
2025
3297
2084
4976
1650
1472
3137
4118
3357
3209
11
1561
81
4265
920
1367
4479
3800
900
3377
1394
4876
1476
3131
3700
1855
74
2392
4037
4117
1002
4691
1896
4089
1739
1658
4339
4048
3776
2102
4165
463
3007
3230
2357
1820
3726
3509
395
3095
4557
4399
3473
3449
4209
667
3768
4868
3983
4650
4288
4450
1608
2919
4584
3532
2848
683
2934
4301
1470
2437
2704
4941
2460
1603
574
4904
2245
2378
3894
2566
1331
2335
3262
4825
4716
2685
3035
643
3023
991
3996
2455
300
3764
4613
2379
639
596
3025
3235
786
543
3780
3550
785
1093
854
4432
2329
1687
1499
4448
2732
2883
4675
226
1136
4967
576
571
715
2790
630
1308
629
2729
3350
2964
4094
3484
2154
3151
2571
2584
2895
3289
4610
1428
4783
1434
2007
2542
3671
1085
607
4979
942
896
4895
855
1287
4451
1692
4884
3602
2728
4103
2319
647
1942
424
2875
1410
2465
115
3994
2965
1468
4484
3075
372
1392
3204
3824
1396
1661
2717
3376
3787
3162
486
2387
4163
491
1796
1902
4068
3102
592
800
2382
952
3560
323
4591
3106
3017
740
3284
1048
4058
1756
2230
4334
120
3378
258
4670
415
4702
856
1194
3004
2667
1278
1327
299
1551
3660
151
4309
2797
1878
635
3991
1013
4890
1542
4416
1388
2666
3470
2044
2989
4698
3244
756
4142
3897
1793
2330
1729
1240
1334
3695
4141
1078
1564
2286
844
3128
3781
117
2170
1108
1184
1489
2828
3000
1466
4241
4052
3650
2928
1023
3719
723
1232
3901
4113
2128
4554
324
4357
4431
4443
202
305
3103
3713
2180
2990
4982
1517
1585
3915
91
3213
2327
3684
2271
4221
2992
3107
2272
1900
609
4718
555
3164
3842
4317
3247
3287
2851
2868
2706
2006
4000
809
2930
2569
3513
4045
899
1202
170
2599
118
2376
3156
229
1323
379
2384
4570
4935
1854
3388
2215
4648
768
3920
2274
3126
2698
293
4728
1337
2147
1395
2221
908
1233
3343
3390
3491
3544
1430
3581
503
4353
4880
806
69
3226
3759
3823
1478
86
895
1798
317
566
2415
352
1976
4572
4826
1443
1912
4086
3115
2805
2822
4466
1347
4139
983
3774
3663
604
1999
784
554
1864
1876
2186
4869
1601
1366
4336
3146
2710
4372
4771
4805
1680
881
3655
2088
362
2304
4775
2920
6
825
3567
4040
4871
3537
2862
4749
2433
289
4422
811
1145
4211
4862
1345
4421
4405
2241
2962
3250
2457
3380
3804
2788
2227
4183
517
368
752
4894
2970
482
1075
2892
644
1317
3392
1767
1884
333
1545
1952
161
2197
4902
4190
951
460
3811
294
1814
4879
1460
3816
3086
2613
2952
3256
286
3117
191
2813
777
4611
280
2967
3545
4618
1744
1456
3982
4914
2891
2809
4625
4140
3410
858
1312
4465
3971
2212
3082
1722
4614
3263
2789
1891
3278
4661
220
370
4934
394
3177
2793
3241
2321
2371
464
3032
3123
4779
1792
2954
3761
2489
3398
4997
4645
390
1459
2897
936
4672
2275
4347
1543
4732
3670
620
420
3536
4072
217
1863
2219
1169
3090
3928
797
3217
3861
3779
2009
3968
4369
1163
2740
3773
2412
1086
4105
3141
432
4007
477
4863
3010
3641
2368
3688
4027
3911
3052
4923
2570
2716
1299
2695
3158
3798
3371
40
2193
2675
2944
3349
688
2434
782
4370
1932
1204
2066
2637
3607
2575
4326
1632
4756
4272
1083
2279
1115
48
2634
4500
3326
2798
547
2366
3953
2643
2921
729
2146
3120
1743
4398
3427
4721
1344
1742
1158
1607
2960
2639
2226
4770
1995
4145
1653
4193
719
3089
4041
1362
3508
2010
1594
654
2296
3436
4948
62
1623
4263
4489
3444
3308
2521
1537
1957
2722
1301
406
3290
3048
4867
2792
3450
3935
2235
2918
2094
2741
1475
2525
4579
2674
36
1844
4087
1059
4284
2290
3523
532
2144
1006
2459
1208
4790
2137
1671
3125
3941
2784
2148
2343
1940
3352
355
4987
1776
4781
2518
1921
1825
4259
4258
2775
4653
2000
3345
3348
1313
2003
4358
4847
3782
2159
2777
778
445
1804
4490
2670
4090
1718
4896
54
2910
3046
3302
2881
2629
4133
650
3277
3364
4494
1700
2859
2334
4889
2183
2250
3085
892
264
2404
916
2818
2282
2776
4035
4512
3957
2046
2488
4665
4130
913
135
3984
670
2262
1647
999
4517
4822
534
2916
3458
4218
3568
4680
3016
4188
1592
1553
1151
3637
3133
4363
271
690
1771
2341
3039
4251
3173
888
872
4958
666
1117
1211
2116
1116
3026
207
2119
2727
4678
1951
975
727
3084
296
4071
4127
3274
2333
1735
553
577
2030
4877
2152
4999
1732
178
2684
2573
2647
3467
833
3696
4627
2108
2114
267
3848
3803
3354
4832
3108
2189
1723
1389
2896
1061
2549
3515
4556
4373
955
3428
4217
4149
2911
2779
1799
3749
3061
1080
4314
2972
4599
4852
2941
2441
4406
3875
298
2858
680
1670
1768
4576
3687
2531
2476
3555
4534
3524
2999
2782
444
2097
3476
3145
143
3236
3100
1973
4231
845
3464
1705
3356
2721
4933
158
4380
1393
1906
2258
1373
1320
1515
3319
3382
1726
2069
2831
331
1861
1869
342
910
2829
1236
3318
1590
529
2653
2042
275
2845
1919
4057
3353
4454
4101
3730
4328
369
3301
2752
4747
1425
585
3870
870
1071
824
2160
705
567
4526
2580
3796
1445
2048
2054
302
1419
512
3309
3059
2507
1759
1153
3418
454
2484
1020
4114
285
2899
1945
1207
2479
4275
3917
4596
3721
3486
1629
3254
4374
4798
234
3283
4632
157
431
3459
367
971
448
4411
3950
4796
3096
152
4924
1447
2352
4991
4487
1909
4540
1801
687
1528
4802
681
4682
4929
1774
1669
4631
2306
438
2203
1560
1094
2377
1014
1538
4913
357
4726
2080
4079
1324
1630
4617
3040
663
2023
1124
508
640
4414
3112
1850
1280
4471
4767
4928
225
4038
4046
2431
568
4461
2801
2450
67
2443
4612
2305
4640
1529
4060
4925
2347
4237
3929
1818
3432
1736
912
3906
1265
136
3972
4091
2876
2554
1642
4160
4006
978
2496
2596
3320
3477
2394
4768
2986
1497
3375
4345
963
1927
4734
2062
3677
2821
878
2172
3511
4066
1991
1760
4286
2864
2060
4679
3452
1982
4337
4201
3863
2257
2026
1409
1969
2309
1421
1646
3113
1095
1535
4609
3316
837
4260
4712
760
1987
885
540
382
2877
4437
3018
830
1485
3499
4742
3853
4137
2823
1032
4744
2688
3618
1406
2381
1619
3448
3562
3879
3384
3231
1605
2635
4107
4527
4883
4587
3306
1473
3416
4983
1720
1584
1492
3381
531
150
831
2724
3750
149
1164
2210
3481
1343
3594
3195
1514
1074
164
4733
1707
711
1268
1454
1375
817
903
3451
174
2182
3940
4793
3118
4919
600
2303
1342
4628
1065
2514
791
182
1118
3802
412
2605
1934
4646
1582
2249
696
3253
377
218
4293
3435
1877
95
2199
3784
1676
4247
2810
4975
950
2266
2737
3174
4202
1029
775
96
1251
1242
1381
1552
1800
4951
2969
1487
2687
2959
3214
4178
2766
1143
1103
1532
3474
1762
2053
4654
4049
966
2259
1230
4245
3672
3286
4285
98
1777
1998
3105
1264
2089
4970
776
2028
3612
326
483
4352
3965
2551
4270
4197
3609
4539
4009
1862
3557
2390
4024
4516
3809
2480
1664
1281
733
1920
3757
948
4070
2546
59
1685
4115
897
155
2477
2785
4296
396
1501
3383
4503
1689
1699
3482
2963
2118
66
3335
2204
3814
3495
223
4926
810
3632
539
945
3867
4215
4223
931
1824
3995
742
3899
741
1518
4308
2830
1182
75
3623
3338
295
4004
1350
2121
1354
26
1446
1479
3890
2968
1659
2650
3298
4620
3159
1974
1613
4341
4053
1019
197
3196
2024
2627
3610
2322
4150
1817
4607
1255
1775
3067
4099
759
452
3827
1437
2161
2682
1960
2842
2558
245
1539
1665
2905
4289
2280
2077
3251
4377
4
4946
2292
1857
4548
1649
3644
402
1916
1588
692
147
3525
4555
2593
3981
3608
843
2545
4388
1150
1633
1928
1021
2646
3070
2034
1563
1837
2600
212
198
4248
2607
3514
3321
2628
2117
3707
4108
3391
4098
1305
2294
2835
4126
3369
3589
4028
4254
1526
2421
4447
3055
2104
2015
2626
1170
409
3751
1703
114
755
3923
1754
4989
2260
3424
1218
4120
3273
812
4605
2925
3617
3520
538
1040
3786
2853
4111
1239
557
969
4695
1333
4249
4297
2073
2966
4031
4655
1072
551
79
4701
4419
4949
1580
105
2781
675
4333
2562
1523
2981
4238
3690
1353
2500
4366
426
2933
3643
1166
1809
4952
3267
25
4907
2866
2281
3501
1591
2071
1057
3934
1826
3423
2458
4319
1137
4001
4930
3387
4601
772
3741
4030
1600
986
3021
689
2156
193
2535
4959
2836
2238
141
4371
550
1407
3003
3844
4525
4711
1509
3076
3180
2973
38
2005
1761
1525
829
3969
685
4518
441
1986
1627
1812
2068
3697
3015
669
4022
450
3775
2736
3064
3949
693
254
2861
4720
3093
24
2167
632
3738
4784
1274
2539
1784
221
4622
3472
3454
4167
3736
1727
1981
4131
1339
2620
959
1994
2153
2383
3281
146
3396
788
3592
1197
3822
1897
3571
4407
1966
3300
4391
43
2534
2251
3218
3078
2715
4765
1128
2764
1216
2672
793
2136
1195
4499
273
1617
4666
4042
747
3717
1391
4322
2045
1937
2791
2677
4474
4791
1815
3785
2547
4787
4433
3815
383
3582
3616
4161
2401
880
471
4674
1175
2929
2594
3440
336
3682
2490
2124
3042
2355
4104
3828
232
4171
1127
671
2583
2214
4003
106
4204
4166
359
2049
2692
1922
3702
2511
2690
253
4182
4383
4994
287
266
1524
3130
3305
1413
3563
665
1435
3199
1310
3564
787
2758
3255
2778
83
1636
3506
1638
3172
2093
4750
2012
1004
720
2523
3882
4984
818
3710
2519
1247
1849
1382
3406
4185
3334
2544
3685
2901
1648
3212
3136
4242
2516
939
3559
1964
4359
3216
1527
3691
921
739
4857
3073
658
458
3053
160
433
1135
2843
3271
2165
319
3168
2454
2756
1853
3438
2410
4351
748
1783
4279
4910
1480
4714
2953
4597
2926
3694
1422
2422
3270
932
2614
599
111
4839
849
228
4389
1363
313
3202
2659
1066
208
4343
4253
642
1340
1414
802
4119
3657
823
4184
4230
3679
1325
2169
4278
982
1052
276
3838
624
1612
2524
4819
4795
92
2957
1415
374
848
1293
1781
2974
2552
2550
1725
1874
3087
2178
873
3205
3889
1935
4462
960
2606
1565
3469
4477
1789
242
1852
2771
1289
3808
2631
2141
1172
2349
4368
1977
219
1173
2984
4955
30
3421
3519
3614
2743
354
1257
192
2179
2498
3165
4397
943
4693
1161
1037
4360
3442
981
2263
1519
1875
887
4240
337
1144
4294
472
731
4480
478
2757
2923
1558
2033
2760
2085
4600
4225
1423
4831
3745
2795
3333
757
4162
998
4885
4176
2100
1573
4939
3152
3266
3674
2582
3628
3548
2470
4808
1505
1188
1871
3977
628
3673
3909
1731
2505
743
4292
4916
419
3905
1595
3367
2283
2040
4536
2164
1463
3094
934
622
2537
2105
4656
3680
4854
4082
4088
2529
3005
2220
56
4856
1461
3272
3534
3036
4151
2192
3739
4846
1311
4266
648
3724
1794
2474
1880
4214
2311
2419
1502
2356
3595
1105
3937
1355
3288
987
923
3527
3675
2856
1241
2430
4588
3522
2654
803
4507
2130
4287
3758
3772
269
3502
110
1730
4800
2299
3850
2234
97
2837
3402
4246
4835
1606
133
631
2375
3455
1303
3379
613
4634
4281
3498
4420
2983
863
918
838
1635
1298
2273
2904
3755
2765
19
4080
410
2869
4837
3114
4777
1122
2491
4075
1566
3347
4851
3134
1183
4078
4177
1944
2090
3629
3414
1370
2353
4776
346
3908
4354
213
2140
1154
4463
1346
2185
3160
2915
1198
3324
1866
3896
4125
1228
974
1931
3049
393
518
1212
2909
1205
867
506
1315
3466
4709
41
625
1100
3664
1009
2072
1996
2852
4138
3542
4998
930
1162
545
3197
353
2527
2248
3446
2553
373
2350
2098
4571
1383
3426
2397
4014
2833
2426
3028
227
1797
4290
2769
2691
4707
8
4562
3483
2429
2171
4848
1913
4423
2187
128
181
2416
591
162
4969
1369
4725
2726
183
4325
153
2388
4381
3317
4988
4497
2190
1682
3554
215
2841
834
4055
799
2345
3647
4203
4901
4897
4424
34
1231
1462
4533
2759
2301
4168
3219
3801
2731
988
4657
1645
2748
4110
637
1562
2011
4850
4757
2946
2900
4256
3437
821
805
2499
2386
3601
1051
301
717
339
928
1246
2854
3475
3496
562
2083
3394
3831
773
804
1063
3425
3577
1258
542
2723
1309
4384
1867
744
4530
2768
1067
915
233
1576
651
278
1007
1119
2446
94
4501
2694
3504
4968
1486
53
58
1980
1433
2590
4541
1189
2047
1714
2265
4425
1933
645
652
636
3939
3282
1226
3839
108
580
398
418
4393
3900
1915
672
4794
400
3068
525
4542
2630
2669
2501
3346
2451
1752
852
3858
388
1365
3945
127
2976
1209
4860
4921
2879
2591
3058
2174
3291
2642
4786
1121
3138
4909
2671
4457
1185
1030
4973
2145
2208
1681
2940
3795
4320
3959
2982
3176
1042
3037
4303
467
3490
2050
1332
3461
312
4361
1448
22
3050
4564
4304
4062
240
1790
2513
335
4888
57
3144
3652
2483
3002
1698
3718
2318
2615
504
2092
1420
1474
3034
3771
2754
2485
527
2787
4061
489
3654
835
421
4318
4647
4772
3910
4521
129
1865
1666
1990
753
2277
3408
1330
2714
4708
487
3693
4688
4649
2597
65
3955
4981
1140
1220
4574
3706
1047
4993
3658
28
3566
169
2718
1755
2857
3743
4311
46
1249
4106
4269
4229
2503
1516
1221
2043
4077
1055
1174
2998
3243
2735
1546
1614
1616
4677
4282
2065
4643
2417
2407
102
3865
3268
436
563
2564
1634
3530
4651
1721
4029
3585
4858
2264
2902
4449
1943
816
4700
1191
3857
3964
2201
850
1477
770
1508
618
18
1092
159
3526
2143
4036
3752
4641
623
4686
4774
4350
3265
2817
4180
4812
3503
1028
3666
4629
1506
2878
4561
4255
1963
4523
322
3600
4220
499
2360
4409
511
1493
4738
2938
1500
3480
655
4205
2978
4300
1285
2082
4804
2063
2198
3259
3878
446
1044
2464
1064
480
384
1733
329
4859
1955
1637
1654
1404
4905
1167
2679
3975
2945
493
4639
1753
20
1371
3866
3415
4198
2316
864
3358
3420
33
4827
1471
3022
1504
1984
4764
2773
2577
2018
2712
1190
2070
1178
1589
104
484
4302
479
1399
638
360
2555
2540
4226
3919
1521
88
1662
1449
4980
4408
2225
2548
3157
914
1049
4043
288
2445
4978
4911
292
2509
4159
3323
996
85
579
1385
3505
2475
2402
1088
4065
4402
4660
4496
1628
2658
2059
3645
2380
2820
4823
4965
1832
2872
4864
3746
89
2288
3574
4878
1377
2589
4990
3837
4386
263
4524
2863
1979
2961
1436
679
1038
2115
2648
4400
1816
3257
4081
1210
4316
2980
2408
371
1593
911
4813
3249
857
257
700
284
1203
3960
2494
662
3756
4153
889
927
781
2565
4699
4013
2344
2478
2175
4766
3013
1113
4604
2111
1914
3079
1267
3043
4717
3892
3366
1319
3462
2400
3207
3891
3252
4243
462
2625
3430
2004
4843
304
2619
3731
3365
4685
3190
2447
1269
3170
3368
2162
3636
1656
4349
4694
4619
3275
1709
3233
990
2815
1359
3521
1432
1644
1254
2975
2515
4961
1141
868
405
569
3938
2138
3944
564
3104
3024
2587
14
3590
3835
979
404
941
891
387
1483
3031
1276
2730
3902
2151
2649
4124
1408
4799
3261
4820
1165
469
954
2168
3161
4330
2222
1903
2763
172
488
1773
4882
4658
2588
1050
2032
4472
957
1390
3020
1978
944
617
3720
1227
3549
763
2557
801
4456
3099
4083
4109
3404
4274
3135
3584
1235
3669
1870
3883
4577
2302
4224
328
3186
1290
3362
984
694
3546
4898
1571
926
2391
1300
490
31
4956
4807
343
3409
2641
1062
4387
674
156
2924
1917
4957
4495
3698
1237
1484
1405
167
3098
392
2002
3124
4560
541
1953
3605
2425
1467
659
2328
2246
2608
3924
3847
2228
2243
519
3294
154
2427
1625
2435
1949
3639
2452
1840
1034
3712
1138
1741
1292
2310
2439
4845
1097
1757
237
4566
1808
3904
2261
427
3206
2617
1288
1683
1609
1841
2603
1262
794
1132
4412
103
1322
3512
2149
3551
601
270
4849
1568
3355
3336
206
1831
4073
2581
1923
4210
385
282
2317
4865
3826
2700
1025
4638
3299
2403
3648
610
3413
1787
2725
722
1847
176
965
2612
2395
702
3735
886
4736
2336
746
712
967
1438
116
1901
2385
1690
1271
3790
186
3974
1403
381
2846
4315
2708
4544
2811
429
4589
4710
203
4960
1772
761
1829
442
2887
901
1905
1187
222
1711
2772
603
792
283
2398
4731
2713
556
3429
1938
2796
619
3538
4012
341
4152
3167
175
976
3799
3689
798
4872
2342
989
2865
2995
2331
1678
3479
87
403
351
1250
2481
265
1070
4504
3405
703
1424
3646
2035
3393
4413
2761
3175
677
4763
350
4216
173
2816
4662
4321
1908
4459
3840
2126
358
3986
2418
877
1925
52
3834
4481
132
2253
2598
2075
1379
3552
2436
1120
4683
3457
3111
3627
144
4170
281
3966
4174
2346
4963
1304
3091
73
4815
1054
3575
4875
678
4719
1745
4262
291
27
1215
876
4842
2510
2807
2502
2898
964
3528
735
4943
1444
3642
3951
4192
1618
1494
2247
2888
2578
1956
1316
2705
1045
676
4511
3147
1549
2893
4010
4365
1965
112
4097
1147
3201
399
2432
2767
4219
2332
3993
1657
3615
3465
634
2506
917
1376
4602
4154
1950
7
4692
3001
2526
3269
4212
3686
3373
4067
1152
244
4644
2298
4668
12
3744
3849
766
2751
2217
4585
611
1575
2572
2871
2745
3884
2770
2058
3913
946
3337
4418
938
2885
4364
2285
447
3045
4824
3806
4762
4773
4920
2370
4730
344
4522
935
163
4002
2563
2640
552
411
3841
470
3925
1599
3510
1351
2950
2987
4917
2794
2532
3412
1031
1782
2472
789
4829
256
584
2937
2860
1416
356
1930
2016
4135
1087
2697
1329
1490
4222
1442
2738
2601
1488
4268
2808
2832
4039
706
4538
3403
4313
516
47
185
2657
3154
4196
363
1130
528
673
3868
2113
2267
2487
430
769
3967
4446
4206
2013
3723
3791
2051
1948
738
3471
2096
4395
196
2289
3225
2556
422
4295
4273
1041
2364
814
4187
3242
2884
435
3240
2358
2233
822
1929
3874
4093
2031
1244
184
4722
1540
1452
4681
123
241
869
4469
4234
1033
4021
682
3127
4547
708
474
1252
774
3047
4076
3029
3667
4324
4519
3307
4403
3613
4026
364
3485
2091
37
2340
4582
1418
308
1894
909
2971
3715
2707
1675
2847
3014
4283
1400
3340
1036
4583
2750
3285
1888
230
2315
260
3973
2338
2520
4440
3914
2827
1336
1307
790
165
1893
2036
199
4580
3069
1465
1126
1008
4626
3417
4123
530
1693
4112
707
1827
4964
190
1859
4116
4509
3232
615
3330
4761
1805
3997
93
2699
2747
2814
142
3228
3956
3651
2636
1578
1024
1779
2224
4515
1076
2414
2497
130
1352
4886
1993
905
3153
4753
99
523
3958
1620
3200
3331
3211
2486
1881
3370
4690
1380
1706
3110
3999
4809
3864
1807
3854
309
3692
1710
1843
3659
4208
3918
510
2922
2663
3992
1559
827
414
2947
4953
4492
4172
2254
1747
4483
1318
4696
3327
2840
4769
2365
29
3547
3276
2106
1769
238
3789
1728
3142
2988
4778
664
3341
1715
2211
4922
0
4531
4652
3948
4239
925
4134
2689
4327
4559
4044
1217
970
4906
4553
1823
1441
2913
3431
1569
1833
3006
1248
1427
1010
2719
2624
1335
3952
2244
1655
306
3296
3060
1213
714
1261
583
4931
779
4992
4271
140
3447
4164
3453
251
3912
1219
3653
1651
1259
2076
3439
1898
2720
697
2849
189
1660
2825
3088
1697
3576
166
1171
1713
417
334
3155
2173
1357
243
4840
4100
1177
113
2449
2948
4157
3171
1971
2313
1879
2711
3149
4912
4755
2838
1321
750
4671
3932
813
1810
465
3763
1992
2907
4144
922
2074
993
2951
875
3313
3762
3239
3081
594
80
2749
4439
2517
4892
616
3604
2373
3019
4838
3701
1282
3295
526
2367
330
2312
3989
1848
2158
4593
3665
2469
1156
4378
3027
2834
4673
4054
4132
49
698
4567
641
1412
754
3947
3433
1828
3963
4232
1503
2163
1570
4050
2177
2774
1326
595
505
119
1440
261
3638
985
3817
2206
4578
3954
4390
2955
2155
297
4307
1206
2894
1579
3009
4729
1679
3227
1277
4803
3395
1556
1704
2223
2664
1201
3540
1791
2409
1577
1873
4200
4362
4630
3011
3606
578
961
3596
1295
1457
2914
3829
3881
1039
4788
2297
3221
3443
338
2886
4095
1586
3056
2324
77
3714
2996
378
3065
847
3985
4453
1439
290
3747
1089
582
2269
3586
4549
4213
1851
2567
4723
2927
4853
718
1691
621
3825
3770
391
252
188
3328
1043
1583
980
1939
1885
524
200
695
4900
4442
3361
2413
4741
2337
726
4551
2645
255
3788
3962
2256
4155
2850
311
3478
4938
3885
3630
3593
3725
4276
883
4267
1918
1179
1696
3760
1027
3583
4485
1886
2621
649
3862
45
1192
4136
408
3987
586
1253
533
3339
1224
148
1481
2022
2755
2120
3588
1378
4207
4818
3237
1838
4945
3080
2463
1026
1000
4569
906
4355
262
4323
2057
1176
1786
2568
3703
397
3245
1482
4977
2359
3531
4689
3292
485
3813
1694
3859
1985
4435
4550
2008
2291
4392
2559
4344
4748
3716
4332
2536
1186
3572
2236
416
64
3148
4250
973
4143
246
35
2196
3397
3441
224
4452
1541
4467
4552
4528
2213
475
2734
4606
3223
4464
536
4715
933
481
2661
1134
656
1060
2522
3869
4298
3820
1146
3621
882
2739
3587
2270
1200
1401
3656
4801
4966
4785
1534
4191
1035
4565
4581
501
4546
4236
1279
2123
820
1795
1306
3729
2107
3946
4676
3008
1819
3921
2906
2936
1429
815
3044
3877
1889
2912
3132
307
1263
1417
145
1548
3640
4684
4514
1597
3401
1672
4828
2134
2348
61
5
1622
3434
2574
1785
4663
4621
3767
4063
3163
771
3407
3411
4986
4244
3765
2935
3748
2405
1695
2676
710
1511
1058
646
3220
2595
745
1802
2579
2087
1836
3344
1372
3422
1133
443
4833
2242
2216
3624
1495
602
3843
4064
1104
1611
3185
316
1181
4429
2122
1803
4488
2762
2354
2673
4940
1737
4482
581
2541
614
2014
125
1291
2804
832
3903
3109
1260
3851
84
1533
23
749
4505
2786
2200
3507
3561
4017
626
4532
995
78
884
2101
2209
937
3193
2991
4704
3077
1411
3194
4873
1626
4158
1513
3794
732
211
826
2195
2473
2533
4401
2448
699
2686
3312
4782
3529
4470
476
3708
4595
3489
3872
2958
1702
1641
4947
1770
3649
340
1003
3143
958
1972
32
2399
3166
2528
1101
1129
4468
1716
2799
4915
828
1904
4861
2252
3129
4636
684
4590
1764
495
1348
836
3541
589
4529
1911
2314
4836
68
1567
3456
2867
3066
3203
3898
2882
2135
4458
4985
1746
250
2471
2037
4954
457
2623
327
4148
2127
2284
248
1959
2020
704
3187
3497
4971
701
459
2979
751
4586
4615
1947
1360
2632
3620
1621
277
3990
1507
3322
2492
4703
4375
3092
201
2656
709
1531
4331
4635
919
2021
4179
376
1892
2166
1106
2467
1522
590
2890
929
1168
1328
4899
2576
1615
606
126
2326
3071
1314
4751
4417
2017
2622
653
2293
1011
2231
3830
4015
4816
587
874
1596
3419
177
2369
598
134
3836
3943
3518
3468
2086
70
17
1469
3704
3860
4348
4235
1016
1882
3258
4228
1109
4789
4194
807
2420
4962
2616
3342
1361
2184
1
4025
4535
1341
4659
16
1544
1270
2300
3208
4441
2703
3662
4146
796
3661
1001
2504
1102
2560
3634
4543
4598
3722
1453
3856
3553
3832
3998
3732
1284
2880
2844
4918
4830
1701
1053
1962
2985
593
1997
2493
3445
205
4881
4780
3895
4814
1749
1860
736
4592
1272
4893
401
4633
559
605
1077
1555
4428
82
730
728
2585
3926
1967
3359
3845
187
795
2
194
3980
1574
3846
758
2889
1557
3737
2202
3556
953
497
4280
1159
859
2325
1090
2746
904
1858
1081
2538
1338
437
4537
840
4186
171
2530
4261
894
3314
879
994
210
940
2917
3189
1846
439
4486
4023
1708
3238
846
1256
3280
2142
2453
3611
4996
4376
866
4102
521
1125
2205
3565
4128
473
2150
2994
4032
3597
3385
2870
2079
3927
1639
365
1199
3626
4264
3635
3360
1643
1510
2561
4974
502
2812
3558
4594
2662
1936
2939
272
558
4342
2374
1015
1157
3246
3192
4379
2055
4513
3041
4312
3222
3304
1084
3074
4510
3181
4608
1806
1098
2001
765
2512
573
4047
1958
440
853
2131
1845
4817
1180
1734
1572
2188
3169
4834
4018
4426
4797
1640
107
2931
2826
2665
3805
4415
3668
1397
1099
3792
2468
560
2423
1677
1530
1222
4667
3793
764
1426
4436
575
1368
2229
1763
3184
4404
4573
2307
686
2495
2461
1890
3812
3728
3119
808
3778
3054
762
3916
1386
4069
349
3012
907
1975
2396
423
3705
180
2442
455
9
4563
2592
2956
109
1283
4737
2389
3676
76
3578
2543
548
1758
425
4195
4257
3488
4005
3121
1788
1114
1139
3493
4972
3622
713
668
279
1550
1349
4942
588
1111
839
4705
544
561
4727
2466
2651
1364
1275
3978
4821
179
2255
21
4199
2112
1674
725
2611
4019
2702
2133
4944
3933
4995
1358
3979
4687
819
3619
3325
3179
4175
1602
1712
4305
4427
1954
2652
1839
1778
236
44
1073
4338
1587
121
3400
1498
100
4367
4754
4491
4746
4092
612
3871
2278
1142
137
2339
90
3543
1988
4664
124
3492
204
2683
4169
1926
466
3224
3310
3930
3683
321
1941
2908
1131
783
3182
1780
1624
72
2932
3215
4508
3740
