2956
3592
4513
4197
1580
4396
4150
3690
2560
2787
1576
2003
3661
4933
3710
2833
2244
3623
520
923
2601
2586
3830
3345
3035
4146
3195
2918
3579
4821
1341
3808
1344
934
3821
4224
2671
2494
1462
1870
729
3743
2049
255
753
1806
357
1038
82
1913
3460
1138
4919
3112
2034
3760
697
4105
2457
3580
4080
4525
3614
4840
4435
2844
4271
3303
4601
1985
154
4524
4348
3009
1805
4710
3739
4984
2611
2834
1570
596
251
4999
4522
3128
2955
177
1910
2281
3933
3269
3364
2848
1293
2461
872
3556
2194
2660
1502
4024
3363
2654
3471
4663
4265
4318
678
989
4214
270
3372
1724
2139
2768
4911
1646
2021
75
4801
1061
1190
1982
164
1382
432
2133
538
2053
3783
1018
3492
4250
4341
4377
2583
4818
2630
3362
2496
212
1500
4094
4084
191
4099
4018
3742
4567
2549
952
4520
389
1593
3906
2836
4185
4118
2097
1790
4568
35
967
870
3428
2403
880
4614
4257
1105
4502
1401
4581
240
2353
23
3946
3919
2582
4623
3988
3987
1089
2150
540
3475
3306
1746
542
2563
3482
850
595
4065
2394
1809
807
3840
762
1468
4172
3261
1975
4556
4289
1239
4423
2424
875
463
2606
299
2310
4355
485
4491
1807
128
1215
326
1388
3874
613
2776
4922
4487
1299
4867
2396
396
2181
4462
1459
4954
3016
4050
4320
1161
1304
4636
4264
4294
3105
2550
3097
3501
816
2713
1079
4183
4404
1093
171
1171
4420
192
4204
2770
376
4734
2169
1131
562
2033
431
2850
2840
882
3961
3597
97
621
3939
1244
2959
4701
3887
3942
4500
1329
3118
265
1571
679
3057
626
1584
1419
3822
4896
4761
841
4923
4297
1634
1198
38
2361
4971
2727
1315
4412
4717
2237
2653
410
796
1862
1933
3823
1183
1330
687
1574
2269
3734
563
2221
107
99
950
3197
4267
2753
2327
2506
1995
1726
957
272
101
219
3350
2967
1671
1451
2293
970
1245
1722
4081
2152
223
914
3244
2511
3073
33
3806
813
2201
3847
80
2575
3201
4349
437
4063
1035
3281
3837
3562
763
30
584
1511
3415
2694
2047
470
28
2655
2740
2378
2884
4992
2809
4068
4512
2072
3901
3599
428
2858
4144
3523
503
3198
4222
1172
3900
812
4741
4917
868
2431
935
1946
2644
3469
3553
2600
2502
940
3632
163
378
3298
2257
822
2616
1203
1981
3138
2294
4035
2997
348
1847
4077
3145
1027
340
4030
1514
2010
2335
2579
790
643
3935
2143
3493
655
4014
1430
2291
3028
4988
4288
3210
4301
4321
4137
2855
3489
4228
3315
4466
2322
997
4202
741
2490
4726
2311
4571
794
3196
3124
480
416
274
3532
4032
250
225
1416
2845
1139
3899
3627
2250
333
2108
1591
1226
397
1055
565
1739
454
257
1977
3793
4552
124
2680
3314
1229
3064
98
1005
1029
1497
4209
3340
848
1356
3729
2364
4848
1121
3790
960
58
1249
1784
4910
958
3658
4540
3487
46
1381
839
338
1001
2979
983
4554
1332
4736
2513
4553
4747
4188
2881
3566
1407
2922
1997
18
3381
4703
3203
3011
2905
1894
1501
1107
3631
1859
2427
4956
1820
1305
1153
2591
1850
3687
144
2912
543
2906
1523
2510
2254
3714
1763
4378
2173
4616
2610
293
425
525
103
335
4141
2171
513
3278
1555
2071
149
453
3981
959
4980
995
3448
2055
4042
4454
2382
863
2503
1498
69
3391
1797
3937
2667
1352
4247
3351
2
314
395
2573
2404
893
749
2422
1069
4690
3678
3544
4488
4707
700
3525
173
3185
1137
2384
1782
174
4653
4410
2469
3216
4885
4594
4868
4401
3820
284
2303
929
4537
2952
3140
1690
3447
3648
1628
1402
1592
1693
1547
2162
4494
4040
698
1861
4004
2243
968
1109
1355
547
4114
2670
3570
2991
1767
4363
2351
4123
209
254
4053
4354
1369
3645
4968
2332
920
3838
2743
2434
4326
2592
1224
4380
3680
1264
1650
2391
2851
506
1425
2632
2875
4346
3608
2791
2251
976
2054
1730
3450
4496
369
4584
3297
4776
4455
845
2868
4336
2242
2509
2685
2598
1349
2464
3895
2125
4427
2951
3304
2441
4127
3060
1959
3421
1016
2807
4555
170
1604
825
3637
2102
2901
2852
3094
941
2796
1492
1732
1297
2304
3050
1047
166
2358
3504
1448
3496
4689
622
2659
2447
636
2780
3424
2188
4079
2969
4824
2603
4049
759
4758
1487
4993
3617
1632
4830
1442
2278
4323
2149
1786
776
3948
175
3010
4128
4335
1346
1658
4607
1340
4186
371
2328
10
2705
3285
2688
600
3717
3696
4193
3150
1068
332
2838
2119
2110
2030
1169
3815
1569
1287
3405
1271
4225
4441
972
328
3951
4120
1838
2153
3610
2668
4393
2090
3589
1718
2140
4597
115
1444
1770
4967
4446
4951
2482
3174
1414
2664
363
1822
4811
14
1816
3801
2739
3748
917
3081
1599
1283
2025
2410
210
339
3805
3237
3164
3699
4062
377
4075
4684
3875
303
4219
2587
3722
325
475
2484
3305
4039
92
4317
3695
992
4124
659
713
3144
517
607
837
4861
4413
3402
4909
2859
3863
4180
3626
3157
4177
718
1925
4694
1703
4762
3222
2246
3366
588
3907
401
2341
4333
1956
245
1945
1546
1479
4835
147
3274
4610
4026
2280
2430
4760
1300
4230
3604
840
3975
4468
2825
4631
1003
218
3639
2824
4969
2674
2547
2081
3310
2703
2584
572
4853
3182
3921
3342
3755
4719
756
2096
2440
2006
1692
4785
1365
4212
1653
4877
1440
469
2392
2709
4769
3724
4605
3113
907
2805
407
558
3982
3966
557
3878
507
2123
1248
1647
1909
2070
1250
2179
774
2216
1755
1639
1213
2325
497
4912
2236
2889
4047
3831
2411
4613
2038
3076
3575
1266
3058
3869
3994
2103
4252
2454
4904
3609
1749
938
1325
1025
1342
4748
4551
3555
3356
583
4012
4021
2176
47
1841
374
4448
2757
3635
2718
3531
4324
4331
3606
798
3075
3352
3693
4529
915
315
757
3940
21
927
1883
465
1134
1207
2156
582
4656
1499
3857
932
1725
4859
4367
1437
2921
4915
2933
4338
791
3256
3037
1665
2299
4027
4645
4889
2628
2267
3479
3642
569
1023
2934
634
2004
2448
1984
2082
834
2995
2094
671
57
3024
3600
4459
874
2355
4113
1372
501
3827
2799
1582
590
2407
887
3993
2862
3458
1539
1826
4876
4383
230
1156
4675
1242
3799
1015
133
1532
879
1129
1812
2612
2160
664
1202
4926
1573
1006
4013
2553
511
4849
3121
3677
2388
3188
443
3357
4599
4005
799
4045
4302
658
3908
3855
4182
2120
1974
4527
556
1808
849
1295
3017
3255
4501
2877
3591
2602
2774
3054
4253
2699
1736
836
2014
1830
1960
869
1754
4316
3977
4046
928
1518
442
3867
2625
2613
1743
4104
4680
4048
3704
1641
3385
1663
2365
3079
602
3767
3089
2994
4772
168
1269
4918
888
614
4437
132
1114
2249
1787
3370
127
1854
216
2977
4622
4687
1701
308
4443
440
2528
2538
4804
3638
4947
1146
360
1979
4982
2558
4259
4093
1986
2986
2775
1620
926
292
3497
1071
2374
1041
1660
384
106
936
846
2262
2157
2428
3593
1004
1588
4749
947
3023
4822
4759
3186
1915
4107
1834
4768
1705
1990
3438
4987
1100
1222
1548
2301
4579
3290
2618
1427
2887
4592
4857
3333
3313
4981
290
1469
2552
48
1217
3207
579
4206
2107
4122
4891
4242
2717
3233
3559
3336
2733
3178
2832
3727
4679
4473
205
91
4195
3354
4139
4883
546
2748
4903
1447
4666
2357
3846
3931
3788
3106
367
2828
4894
2319
3502
3986
215
76
1683
2686
1882
2751
354
2879
2439
758
4845
2822
2318
2843
1387
3503
36
3882
2620
2460
2662
4478
4025
4029
3371
2904
3803
3576
4693
1626
4841
2900
1772
3668
1527
3248
1326
881
4227
3659
4640
3116
349
3033
3535
908
79
323
2479
2857
3096
2453
2542
3184
2915
1890
2754
4312
1132
1839
4742
1476
1240
4615
985
747
3666
2417
2497
768
890
1694
468
421
2565
2481
4808
3115
3653
182
1348
3574
4322
2117
778
4440
625
4798
921
4017
1766
4844
4733
4456
1276
2426
1385
3927
1848
474
1943
1194
663
3707
900
3243
1796
2148
4153
721
4356
1236
2856
4514
3784
2596
619
4560
159
2144
4783
1201
2235
3295
0
3741
1366
1272
1504
2042
1529
3973
1544
4574
4565
2050
2111
1060
984
3044
2020
2326
1358
1056
4939
1421
2760
2347
2842
1209
2911
771
2854
2132
3108
3701
3159
1715
17
4266
1920
4370
3425
54
4036
2593
3466
2892
3983
665
4157
2970
3459
179
1814
2402
4813
3247
134
3735
4307
1713
1867
2029
631
576
1531
4576
2846
4668
4958
3224
2477
4828
4943
2880
2432
4061
4942
31
3954
2567
909
264
441
2377
4282
1314
910
2270
457
4727
4428
3552
3816
2048
4111
234
851
4578
1063
4692
1829
4347
2789
4249
824
1771
786
969
2696
3439
3219
2308
1067
8
4929
494
3564
2536
123
4533
460
1310
3498
1268
580
2531
2704
1108
3560
3130
2677
1876
1489
1081
1545
639
2657
4169
4033
1188
1290
2421
1558
2037
1193
2352
3373
831
4353
3162
2546
1506
462
2338
4544
1606
2627
4052
4251
3335
1585
3621
3284
1406
978
1818
3412
295
424
4916
4619
1929
2295
3242
4117
3721
2002
4165
2870
516
3588
2470
4060
2064
4665
4431
1851
1334
1983
609
4001
3619
2572
2972
249
2715
1034
4833
331
2084
4573
4802
2532
1737
4504
1972
3957
4632
2562
3683
1389
256
3152
955
2161
4174
3308
3491
1237
1873
4098
4152
1528
3052
2474
1394
375
4461
861
1896
707
2658
1699
1359
2747
814
3393
2185
4145
973
1238
2697
4580
2013
1303
2590
3375
3265
3692
1110
253
1282
4201
4181
1970
3349
1866
3478
1996
2512
933
2837
4899
2009
1113
2423
593
2615
4089
4269
4962
1525
3127
792
1654
3082
1148
904
1817
575
248
56
105
4290
3713
420
2800
2847
3745
237
3206
3833
2340
3587
2574
4359
4620
1923
3749
3087
427
1515
3245
3586
3798
599
4698
3733
140
4674
2535
3100
3453
865
891
2730
2569
3781
1855
3886
1719
3423
4200
352
772
67
854
1380
4439
673
3694
1756
1397
4155
4278
1084
2274
4090
2317
647
4628
939
1232
3083
897
4438
1457
703
1562
1907
1246
4708
68
704
4189
2305
568
2207
2336
4855
4953
160
4852
1376
391
4082
1163
3582
1802
3192
2158
4303
3193
3378
2462
1197
3804
3881
4057
4472
100
2018
991
4744
141
2212
350
3461
2210
435
2026
2794
373
4787
4725
3002
843
3665
3964
4789
1657
271
3510
1096
564
4403
4343
1612
1747
2413
2744
3041
313
2342
3320
3520
3671
3430
1494
278
2649
1370
1846
652
2746
4575
734
1512
2720
550
696
2383
1536
3513
3897
1339
4442
782
3319
4773
3978
2781
4041
3960
1413
4977
1958
1431
4543
2093
3829
4495
666
945
998
2222
2890
3871
1992
2882
2976
1629
2136
2802
2077
4239
924
1659
819
2866
1258
183
1969
662
1220
386
1507
2883
3311
2926
3716
3539
4558
4415
3382
1720
4125
1412
285
3131
827
4170
4132
4007
3990
3640
1423
2444
3218
1696
2500
4019
136
4652
670
3015
3071
2525
3070
3554
4213
4862
3312
111
4936
1418
2608
95
2777
4625
2264
2345
2079
2046
1106
55
258
3205
207
3324
4374
1059
3473
4023
2661
2220
1535
3004
3332
1123
1454
2011
2984
2534
2508
1681
1351
4965
1638
2334
4273
3546
3302
3941
4794
3208
320
142
483
505
4397
1586
4819
2231
2690
710
3120
4713
2948
3851
482
1234
3410
2564
1195
3109
4268
745
775
4475
2285
3754
4682
1779
2080
1150
2568
2086
2527
4233
2622
1474
1313
2256
466
4572
3691
4633
3913
282
3720
2051
2669
343
3950
4142
1688
2057
1676
4486
4391
605
1014
695
3389
439
2996
2958
1860
3865
804
4932
3181
1748
1379
3235
1669
3455
2211
3877
3291
3647
1988
3433
2307
4718
931
523
405
1490
4328
3170
114
702
1776
1377
3341
1214
2209
905
1675
3484
1928
3926
3318
3452
3036
3153
2092
4134
2393
4175
4245
4945
1010
2950
1092
3890
1516
2863
1099
368
2909
139
184
2707
1803
3292
1133
4796
1465
3239
4449
1291
4873
789
2793
2312
3020
1549
436
3628
522
2971
1954
1247
1368
2098
2642
2595
4108
535
1036
3524
1757
1189
2507
1581
1937
2466
1695
4274
2737
966
1251
2524
1673
1792
4287
3506
4774
4732
2121
4847
3843
233
1750
398
2227
2276
203
4895
2330
4598
1542
344
4509
1940
3507
214
489
1142
1331
2385
2302
1074
2478
1230
2935
1259
4140
3633
41
4654
3148
606
3602
3521
1889
3135
3221
4600
2871
4832
1900
3213
1020
1857
2101
3891
4775
2370
86
3849
4624
1438
3945
3418
1080
3809
2990
826
3607
1050
1273
2792
944
1424
668
623
4215
4839
3420
709
1609
1174
3230
630
3634
573
4570
3999
3215
864
4678
4229
4905
544
788
2835
1000
2415
3953
2801
4365
830
3443
4638
1648
2073
2903
3104
4672
269
1103
1640
1751
1617
1399
2885
949
366
1785
2861
4481
4778
1644
4846
2700
4411
3288
3970
3457
319
2316
672
1405
2266
3738
3622
585
1810
1149
2872
4362
767
4825
3991
2817
3625
3898
4957
1682
1508
346
2729
4661
1664
318
1420
2714
4135
4022
4070
821
2063
1652
4394
4658
1343
26
1595
3924
3047
2452
2088
2731
653
2566
2001
3411
1128
3868
104
2126
4325
458
2878
518
3708
4309
4750
3859
1540
4766
2624
2223
2604
1410
1538
4280
2577
1783
1008
246
4755
259
2758
2676
3583
2636
1307
190
4964
3091
3826
3965
1378
1934
2962
896
1228
2635
1769
93
2913
1543
2381
3173
4489
1998
3234
770
783
3043
3337
1764
1955
4696
3514
3328
1957
3056
1710
3894
4563
3409
370
2491
4507
1019
2873
4983
487
3330
4009
1182
3480
4777
2983
4590
2142
761
1596
486
2362
4720
627
2159
1225
2869
1667
1181
1643
2135
2798
2989
2529
3856
306
4344
3672
4357
387
733
742
4243
3268
855
409
2831
1727
1032
1556
3470
3681
4452
3959
4888
1051
2517
2052
3180
559
3326
3928
1721
4205
2416
4797
2973
3223
3025
719
262
267
447
3765
701
1965
3923
1522
3417
4782
3084
66
491
674
1567
2467
3209
3646
1950
1566
1738
1666
611
4159
1689
2389
769
1441
1924
3541
4028
2803
3317
3551
1553
2949
1185
1843
3925
1869
4067
3211
3344
2213
977
9
2993
3751
2321
4887
4161
3250
4871
2168
3620
2359
4664
1905
4906
1698
4532
327
3343
641
1323
2198
577
4746
892
2724
3747
2398
4044
1111
3958
3414
4101
1741
4814
2689
3065
1436
2966
2779
1922
4880
316
3441
551
4975
2619
3789
3746
780
3085
4284
110
1472
1875
667
1691
2449
3686
266
1321
1094
4426
2116
2631
1942
1827
1858
2219
4837
307
3046
3930
3066
766
3088
726
4737
29
200
906
4722
1496
2761
4281
2614
2366
418
3936
2999
3236
1821
4935
1088
1428
296
1840
4506
3346
2292
594
552
4738
3824
3949
121
2214
4836
477
2397
720
3013
3518
322
153
4765
1065
4838
4236
4587
361
3483
4016
3528
426
2218
1619
2940
2924
677
1216
1078
4978
2206
2764
1853
4038
4812
87
2005
1700
1618
815
3063
2683
3309
1799
3005
181
4369
1780
2197
49
3446
476
3481
2297
4083
3384
1871
3413
2239
3252
4974
3702
3323
3103
3624
4258
402
2298
3773
3706
645
2044
4688
2085
2722
3241
4100
12
4350
3394
261
1485
2647
536
355
2350
2177
1221
3893
617
2354
898
4892
4458
2514
4311
2501
281
1537
2233
3199
2723
2957
227
1031
1456
4927
1119
3272
3762
1598
3577
980
4941
2580
1039
1668
1852
4178
2522
3952
273
1742
524
4714
1463
3920
2062
1899
1082
4263
4020
2925
4003
3165
1155
3156
53
4740
4097
451
878
2641
4589
3451
2886
2755
3229
3327
3022
3246
3030
2571
4691
2814
1064
1886
4757
2860
1611
3885
4612
979
1729
1968
1175
3280
1395
2576
4337
71
3147
4482
4460
3603
3636
4641
4166
1753
3258
4497
130
4706
1961
2698
4991
499
4226
2489
2639
4914
413
4767
3139
2472
1902
1510
4499
3275
1678
1561
3674
2027
4756
793
3682
818
89
2725
1284
2719
755
3426
2141
287
2279
4542
90
4730
994
1709
2908
448
4235
3769
4878
1554
1503
2923
553
417
4657
3725
4492
3956
3293
1136
2147
4870
3401
4724
3866
1740
1223
345
3231
3149
509
4630
4550
3578
3038
2637
4276
3811
632
2443
3369
162
4211
555
2728
1483
1524
1711
3432
610
1856
1328
3758
1231
4643
1432
372
1021
4890
760
1714
247
1976
25
2867
4387
399
3876
403
2226
732
390
4920
2196
2486
838
3166
800
2245
3726
3968
628
3276
2488
724
3259
4087
2118
574
2663
3779
4310
1819
1152
2329
1623
3654
3841
4270
4805
2258
4285
1154
419
1758
4368
4319
4948
1891
3572
167
3151
2035
4611
2313
113
1991
4921
1874
4931
1884
3386
3834
2190
4902
4843
1336
2975
2750
4511
884
4686
2960
2810
3792
3601
1708
682
567
4129
785
2061
2324
4851
4286
2712
922
3477
119
2520
3685
2941
78
2823
3031
3759
1493
4700
996
4260
4780
889
1218
2629
4655
2045
2493
1470
3795
1572
1013
1179
3177
3300
4078
3467
294
2633
1559
1723
1863
2167
1241
2749
72
3802
220
122
3818
1364
3176
2988
2425
1446
885
2129
3736
3656
750
400
1906
4364
1158
1028
3663
811
4493
1043
3042
2193
2607
213
2036
2058
2650
3511
3355
4963
2433
2130
2682
4784
1607
4424
2895
4034
2742
116
1994
2386
2778
2943
4373
493
2271
5
2202
2333
2540
1360
2839
3537
692
2830
3254
646
694
4858
4237
3348
748
4296
2711
1679
717
1578
3123
3770
2734
2215
73
34
4602
4823
1551
3929
4869
2819
4384
88
2343
1053
84
243
1176
3618
3508
1645
3916
1793
2708
4470
1274
4436
3911
4056
2203
4946
1118
942
4434
3557
2640
1312
2031
561
4126
4925
3325
1901
2263
4241
2208
4246
356
4986
4308
4521
4329
2368
4409
1429
4043
3114
3126
688
1509
4754
528
1145
4865
4879
4716
1046
2919
4928
2701
337
739
3649
3732
3092
3584
4149
1333
2961
3365
3585
2114
4994
876
1466
4151
2099
589
4519
4898
1759
4924
4729
2945
1662
3143
4313
654
4385
1260
1208
4474
504
1651
4949
242
411
4752
2585
1486
4479
4163
1270
1878
1734
2672
2228
3718
452
2056
2191
2288
1495
4646
3416
1941
685
3301
1481
241
3611
1564
1918
2815
1057
4585
3490
795
2346
1677
4763
1049
2897
3321
1478
1357
484
3777
895
1575
3992
644
3596
1072
4218
2936
4392
2487
1541
4358
3422
3161
4810
2942
3445
990
3534
4498
1897
235
3454
3027
2315
4635
4886
691
4008
3616
145
3463
3200
3963
1605
2189
2300
4637
764
1296
1453
650
2165
2170
3059
4406
3277
1320
297
3974
3099
4115
3077
954
3660
2145
3943
2247
1227
495
4583
1322
4827
44
806
408
4429
4673
2876
1953
197
2405
4795
1521
4642
3509
4291
2122
2166
1375
4371
2414
2390
1097
2756
3516
4399
289
4484
3266
3434
4055
3098
3836
1717
4190
1631
3650
1254
1452
4826
2409
2238
3051
4232
4196
1257
2259
4591
2665
3283
4453
4515
4031
137
4806
1706
982
4158
43
4842
1530
2811
1484
817
675
42
383
2981
1144
3673
4116
1774
2260
587
1327
1286
4771
1030
4315
3807
2643
2692
657
4996
4526
4444
4133
930
3168
3938
4671
1091
2272
461
2706
867
4799
3997
2554
3068
1707
3444
2180
3530
3000
180
754
2127
1744
3797
3590
2841
1235
601
3662
4900
2898
4950
2436
638
4299
1600
4660
3263
1044
3538
2917
1460
77
4721
4907
112
1122
3889
4147
3390
823
300
781
2367
1800
963
2985
624
3723
3160
1837
4416
690
1488
4681
686
1186
4779
4531
4179
566
4670
3407
1833
3494
310
3500
228
1795
3008
943
206
3772
1275
2992
3442
2287
3813
2523
1439
3069
1212
4739
4735
2813
1914
2337
239
3657
2896
13
208
2372
336
773
1642
2067
2939
4564
797
2412
829
1823
2032
4340
1383
560
2437
4339
4389
965
221
1804
1162
3034
3429
1789
2937
684
4086
353
2932
39
1798
471
3705
4109
60
4989
2741
1143
3163
2946
2182
40
3709
4334
4960
2418
1967
2806
4793
2109
4577
1168
1526
4860
1292
4650
222
4051
3045
3427
2195
3947
4136
1844
1345
1298
578
2954
4002
866
1104
3785
902
1473
2499
22
4508
2931
4430
1318
1083
4685
2017
3698
3003
604
3786
548
2788
187
3629
981
4342
3095
2376
2849
1602
1098
4897
1393
2864
1180
3129
4627
1926
4254
4809
1704
3014
4997
1392
1085
541
2783
3536
1577
456
510
2445
4450
1949
1363
4398
2331
4872
2400
4382
1932
1597
1042
1781
4069
2927
446
379
4712
1265
3388
1630
4330
385
2920
83
1936
740
2137
3408
4
423
3154
412
3086
193
1173
37
2530
4609
2732
1141
2623
2178
4419
74
414
737
809
1120
2953
4261
1533
2089
916
3613
117
3110
1422
4171
3117
681
1159
194
3214
3
856
3984
2894
1877
1477
1126
4677
3361
1309
4238
539
3850
3183
3670
911
4608
2138
4314
4875
2785
2225
4476
1627
3142
4231
2829
2790
459
2286
4015
3001
275
3547
4386
4447
2229
1993
3880
4414
3771
3615
2772
359
4119
1116
2306
1125
3339
4006
3396
2183
4168
860
3329
3093
492
1166
2808
4148
4066
2938
2429
1589
833
1278
1947
2521
3397
2230
3752
3825
2964
2015
689
1935
4829
2344
1362
3253
1505
176
2199
3529
3191
549
852
45
4629
1963
3756
2105
1308
4298
3032
4184
2124
4192
597
3744
4425
3474
738
2589
534
7
1712
1824
1931
1337
3703
196
2853
3896
2826
1661
4557
165
3860
2656
3476
1426
3267
4490
3228
4834
1939
24
1733
1117
2240
1788
2455
1672
2533
2998
3419
1086
3374
1513
615
3563
3171
1471
1075
1045
302
964
3053
4792
2095
2200
2146
1066
4418
3512
1450
3187
2516
2597
2820
3090
2024
515
50
3049
4198
618
1849
3967
150
3688
901
705
925
3227
94
4699
2874
1052
1687
3296
1893
642
2673
3864
324
4422
3062
4464
2504
4596
1434
683
1686
4037
2745
473
138
4976
4728
2074
858
2065
2716
3569
2465
1384
19
2721
1773
490
1587
2283
4471
286
2795
2438
2498
2463
4559
4866
4659
4375
2435
3006
329
2930
4074
4536
723
1170
3812
2000
4944
2634
2495
4088
3217
533
1062
444
2314
3175
1243
4854
2023
4234
1012
2651
2277
394
2545
11
1160
3905
3107
108
3158
1267
464
1842
2646
3915
2902
2987
1560
4800
1762
3464
918
712
728
1951
508
648
2818
1157
2475
3172
2784
913
3550
3540
2224
3527
65
1702
736
4786
3212
2543
919
586
2893
633
4667
2505
4790
2762
4711
993
4850
334
1563
1073
1007
3282
3338
894
430
3641
2910
1281
2289
280
3072
3080
1101
1836
4566
4998
1115
3067
2041
3862
1952
1167
2360
1417
4864
3040
2217
2468
4856
2192
2363
4569
2186
4272
27
3775
4972
3737
4788
347
3526
1102
2371
4648
527
669
3817
512
2265
2113
3262
2076
4807
422
4210
312
2763
277
1801
4697
1887
4199
498
3039
953
1130
3435
2638
3499
3012
4306
120
1568
1980
2888
3271
224
288
4433
2174
2060
986
2172
1353
3892
4457
1680
3307
962
1319
3561
169
598
199
3462
3436
472
2164
4395
988
1872
2022
1865
3980
3449
4621
455
4110
4477
4995
4469
2609
3761
2617
4379
3472
2556
4937
722
2399
1433
744
708
3543
1760
96
1077
3404
1880
1765
1916
3007
4156
3669
61
2693
660
4961
4545
862
2007
877
4817
2928
3548
135
2154
4207
1
2039
3679
3136
2128
4604
3796
2100
4816
3870
268
4095
3605
4173
2914
146
4503
4388
529
3853
3800
4647
735
2471
3932
3774
4683
4523
2816
4586
2016
2375
4938
4626
2561
956
244
1989
3270
1206
2675
1294
2695
832
4402
801
2548
1404
2645
1263
1608
1317
1610
2205
3225
1815
32
362
1302
129
1590
1625
148
4617
2309
1435
4223
4695
4216
3048
537
449
51
3279
3667
4863
4588
4959
1411
711
1279
2323
2519
2773
4248
4092
4820
1400
3996
1930
2515
4603
4770
2155
3021
381
3944
1256
842
2752
3750
1649
298
2451
2450
4372
531
1624
236
3778
1087
1622
2204
3377
2028
481
4305
629
3505
3517
2234
752
1614
1455
4160
1211
4881
4164
4893
805
2473
873
3194
3400
2518
3814
4595
591
3969
3766
2782
2446
3581
3488
3398
640
434
3347
4138
260
85
351
1999
3132
1464
853
4913
3294
3403
1445
291
118
2797
3119
4283
514
2786
311
3360
3273
4539
521
1534
2284
3249
519
3264
2241
502
1964
2899
229
3757
886
3664
3567
2480
3331
4103
4360
592
3728
899
2348
835
2916
3431
3485
4390
4639
1040
59
1828
2691
4191
2134
857
3839
2401
2043
1583
1615
178
1192
1919
1367
616
4831
3287
198
1831
415
4751
2131
4884
2594
2827
4194
1778
1361
3832
4203
2588
1289
4803
1519
777
4516
3102
3353
4952
1656
195
2252
1633
608
3240
3740
4704
2965
3101
201
4930
847
500
3909
2929
161
961
2483
1262
1480
4000
467
3780
4973
3322
4054
2395
3358
1550
2812
554
715
2261
1210
2255
1898
2821
661
2891
1127
3238
3922
2605
382
4085
364
2408
3828
321
731
1491
987
3395
4815
2163
1443
3776
3260
4731
4517
2907
131
3026
3399
1184
4400
478
3810
2420
2544
392
4753
1684
4535
3700
1697
4781
4096
2069
3565
2726
4071
3854
479
125
3465
3904
2008
1011
3764
4669
779
903
3845
1794
2710
1635
1613
3995
2804
4723
4534
109
2458
603
1373
3873
52
4073
1288
1966
2767
2626
1200
3934
1124
4220
1904
2187
3884
1285
2968
4561
1151
4518
63
342
3257
3730
714
2771
185
1255
948
946
4546
3456
404
2944
649
1196
4352
2296
3061
1520
4874
1903
3169
2290
581
3998
828
3972
393
637
283
3794
971
4662
3918
1147
3486
1177
3299
4940
1277
1233
2702
4121
380
3437
1768
157
3782
1095
1973
2184
2253
2275
1670
4217
3912
3711
3976
4361
4112
3204
4901
2083
20
1978
1033
1845
1324
4538
2980
4934
1403
751
4480
1316
2557
1517
3573
4277
2066
4332
3468
1557
3844
4483
3917
4979
126
571
1777
4058
4154
1971
1178
4059
4130
4990
4407
202
2581
3643
4530
3251
3316
4295
635
4176
2735
2485
1458
1398
3955
4244
341
651
2687
16
2736
1301
1895
4064
999
3220
445
656
1752
4882
1191
1390
820
70
2349
4162
3367
693
532
1685
1868
4582
3675
4547
4451
4345
4955
1252
2068
155
3651
4091
2492
1371
2268
3519
871
3286
1475
1892
2648
231
4606
3852
3190
937
1058
1811
3842
496
152
784
3989
2087
1912
1731
4548
151
3689
1594
1927
975
4505
3125
2765
1408
3731
2769
204
4709
2175
787
1009
2106
4908
4791
1112
3910
2476
1962
3542
3571
2570
4593
62
1881
4076
4465
2273
706
2526
951
1090
3835
4279
765
1164
1409
4106
1017
102
2059
3522
3289
2419
1461
238
3133
1879
3078
1135
3879
844
1565
330
188
1864
4381
2539
4562
2373
1917
3380
570
4351
450
2551
4275
4167
2599
81
1601
406
186
4131
2112
172
2339
1735
64
1026
4240
1791
3979
358
2387
2459
3848
3883
3379
680
4366
3697
3179
4463
305
226
545
746
1579
317
252
3861
2019
3568
3595
3515
4376
3594
699
1921
3676
3376
429
883
1219
158
156
3768
217
4208
3903
1948
1449
1280
1415
2766
189
3888
4467
1335
803
2104
2115
725
276
309
2681
3914
3872
2738
232
4102
2248
4485
4649
808
304
2078
1637
1825
2555
3392
4293
4966
1386
388
526
3134
4417
2666
3019
2679
3232
4541
2282
2075
4702
1204
802
3558
4676
3652
1888
4743
3715
3791
810
3137
1835
15
1396
1655
676
3763
4970
1716
1199
2578
3334
2091
3167
4510
2982
1987
1391
263
3598
4445
3074
365
3202
4408
4715
4421
3146
2978
1775
3122
3368
4187
4432
4072
4221
3819
2678
143
2541
3533
3387
3719
1603
2684
727
1070
3787
974
1832
4745
2759
3858
4262
1054
859
2652
2040
1140
3141
3902
211
730
2379
301
1745
4644
1552
1037
4651
1048
4549
3189
3684
2320
3655
438
1728
1311
1338
3226
530
4292
4985
3055
1350
4255
2012
1885
2380
3545
3111
3440
2232
4618
1467
1347
2442
3549
1636
1076
1621
2369
4256
1616
612
2406
1908
3495
4528
1374
2974
1674
3383
279
1205
4300
2621
2963
3644
4327
1813
2865
1024
4304
1165
2151
3712
1002
433
4010
3971
2537
3962
4011
488
743
3155
1022
1944
1938
3630
620
4705
3029
3406
3612
2947
1761
2456
2559
1306
716
1482
1911
1187
3359
2356
3985
1261
4764
4143
1354
1253
4634
912
6
3018
4405
3753
