1094
1061
1023
4573
3653
2985
1020
3887
3456
339
4205
926
3827
3764
3650
2051
1605
4884
4660
3434
3776
977
4885
4677
4370
4445
1639
1729
2365
3049
194
1674
87
1118
2420
1688
545
2475
3245
3079
4970
1984
4845
4331
3617
2187
1901
3643
1210
964
3095
4280
1028
4400
3707
4899
3291
2404
1915
2684
3217
1809
312
1360
1079
4371
1525
1528
3814
3964
1490
3203
4
3895
3623
530
1608
4157
1349
970
3038
802
3307
3169
1075
3323
3226
3410
4019
4770
2497
3358
3725
45
4689
1856
2034
1952
118
4764
30
2894
1547
2232
4224
4083
2533
4838
4124
2426
4292
563
4916
2188
548
1452
1808
4326
2472
3751
3032
1322
4592
1101
2728
4380
3808
271
1385
1997
1617
980
1493
4585
2037
2525
866
3628
4792
1095
360
2382
2098
992
3177
648
4206
1110
4606
2935
3468
3926
768
1408
4229
2604
2826
4737
1029
667
2292
120
2179
2729
2557
2427
1950
4158
2182
4039
3146
3560
1017
2744
3300
294
615
113
618
3907
1738
4799
80
3534
4381
1044
22
3921
591
1494
479
4575
4135
616
689
884
787
2107
1967
282
807
2877
1476
132
3335
319
98
2580
1957
3319
1114
3902
851
3317
1492
2440
1505
4433
277
2658
1330
26
1485
1946
794
2449
375
61
124
4612
2243
1156
4113
2672
3487
1761
3125
1886
1423
3825
4003
552
1714
2777
1501
1958
2793
486
3295
1612
1551
2509
4867
4943
1857
4725
2220
4131
4549
4855
3608
2670
2948
1645
1693
4364
4167
2862
1684
1271
3247
315
2323
4678
3115
2610
811
4869
1513
4527
200
1233
3505
4443
2009
2177
4956
3745
2036
2347
2173
2165
1144
4154
3781
4704
2687
3368
1428
4121
2554
603
3331
3794
1457
327
2911
1715
4392
3118
3658
2616
4001
4693
2892
4962
4828
1601
3831
2594
4296
1780
1974
525
843
3521
3084
2651
4710
190
4790
3131
4964
3349
2455
3238
220
4502
836
3340
2479
1113
1923
3779
3604
2453
2593
2600
2436
2614
2655
4253
1338
350
4399
452
1042
3087
3100
249
3174
4049
3050
1138
3741
3920
3211
2583
4756
965
1699
2452
4057
3885
695
1238
4281
2501
4774
1256
3228
4726
4378
4466
4657
3536
1183
2889
199
4668
3316
3619
395
4742
4439
3058
4300
185
4418
2407
1739
3851
436
253
974
3191
4519
2252
316
783
1814
4089
122
1925
3129
3813
784
2054
2330
4697
3074
4923
555
2138
1218
2547
813
3932
2204
4415
2576
2197
1097
864
2683
2947
301
2510
3432
2102
3509
3276
3141
1576
4259
1554
2283
2834
3344
1980
4048
222
3488
3197
3858
2914
4209
4286
4579
3618
245
3459
4354
3409
3983
3065
1161
4318
3511
3250
404
225
1191
1389
2711
4258
4467
3863
1820
2476
2566
2049
1835
4107
1937
1708
3070
4232
2774
189
1147
4880
3595
3083
830
672
4355
2174
1406
2608
3572
1737
2176
3493
1084
4687
4315
3593
903
1959
2647
4391
2128
130
2880
4666
3387
4341
3390
2771
4627
4255
3004
2540
3601
2786
2495
2515
4553
4293
490
4950
3347
3783
4066
541
2409
2536
4974
1074
3433
3272
2422
365
4072
4396
2384
1217
3853
3446
728
1911
860
2403
4839
1012
4179
2067
559
331
3426
2259
1219
4935
1676
2465
3412
2246
4277
3568
2184
1603
1260
1922
4854
4662
529
4643
740
1111
1214
1134
733
617
3693
3168
3386
211
2842
4357
1045
504
3583
1963
1479
4798
3855
878
195
384
5
776
14
2209
4529
4459
2917
2831
4967
2390
1652
1931
570
3233
3153
1052
4360
1760
385
2790
2498
1027
4512
606
1040
4637
153
3648
1169
1516
2423
107
879
635
4156
3812
1455
3374
4240
3991
1903
2082
2145
3951
3638
1701
1337
1319
763
938
3478
729
1177
4171
4557
2837
2190
815
2385
2643
3342
3330
4110
3377
478
4023
3820
4857
1979
3818
97
472
386
4225
1173
4035
1664
1689
3249
4973
3640
180
2001
1199
847
4723
4239
1630
1474
985
152
4168
748
3066
2088
834
2997
780
71
463
3150
4733
3609
839
2710
4363
925
2377
2726
2811
1573
1439
1460
3865
1346
2362
3270
3756
538
2160
3463
34
4476
227
4645
3054
4826
824
3012
1447
3455
449
2172
2936
4026
2854
1666
2013
2463
4265
4977
2746
3464
2967
2552
186
1683
2976
4571
483
4991
814
2101
4263
1396
1537
1641
414
4193
694
2759
3834
4982
158
854
128
2215
2147
4237
3164
1224
3382
4160
3934
4070
3372
1582
3904
103
1141
1127
1789
2144
4285
4594
2696
863
3056
2677
3071
46
4041
4046
3702
3686
3354
1716
392
3356
2340
2830
2930
3376
108
3117
2090
4825
2665
3196
4632
2103
4098
2527
1306
3027
2876
4671
1089
2066
1581
3366
3220
4741
467
3381
3748
4990
953
203
2584
3449
2079
2120
592
1679
2350
2992
2524
2530
4497
1361
1420
984
752
1407
1686
3002
4783
311
1180
4908
1036
3393
381
3882
420
1362
165
2231
1004
3960
4487
4650
1194
2874
4025
2064
1010
4333
2211
2443
3931
1261
3458
3365
100
4332
1633
3537
741
3687
19
3894
2419
1523
1432
1211
4495
669
1673
3289
1743
2521
2257
2264
2664
1376
2663
503
4872
968
3282
762
896
3586
4952
2428
3971
4457
3480
1742
3710
2805
1341
3792
2561
3816
513
622
1988
2611
2045
2784
3714
1545
2342
2417
2274
4752
3639
2804
547
500
1125
2003
3925
4417
2158
2535
4490
2483
174
3413
295
4652
491
3845
3020
3967
3641
3091
4955
1949
4452
2271
4474
4892
382
1888
112
798
2631
171
4669
2250
2011
2693
1746
1367
610
2951
2899
643
1441
4104
4803
1430
3224
581
2499
2734
4846
599
2745
4922
1190
1382
4844
835
4204
2038
1884
1093
1994
1529
3518
832
685
448
2410
3398
4972
3025
4615
3145
2821
1777
2262
4453
4658
3160
3909
1283
2331
1599
1698
3423
4525
2812
3296
1193
2968
4045
35
11
3955
1274
305
1178
2591
4338
3283
4500
594
1578
3242
869
82
732
3682
2083
1016
4835
2363
1039
1070
1003
1352
489
904
4984
348
650
3611
1873
411
3656
1894
2461
1335
3256
2632
2431
2021
3503
3496
1515
3600
2623
3577
3430
2568
2975
4651
3225
1971
3023
3947
632
1849
101
727
743
959
991
2520
44
4523
709
1247
4313
2125
2641
1621
4850
2389
3570
3048
3977
880
505
4246
1862
1323
3657
601
1317
3876
2318
84
3400
1933
2023
1106
2863
1386
2065
777
799
4624
3280
4330
2609
1955
4928
4805
1768
345
2234
531
2391
4034
3833
15
1472
1867
7
299
2507
612
3694
314
3840
1929
822
793
1914
1783
1444
4386
800
96
4782
3574
2931
4848
79
4337
4032
2748
2129
2922
1735
638
950
1067
1510
2601
298
1891
4747
4140
4387
3678
1328
2924
2301
2296
3170
4616
3361
2732
2846
455
4735
1100
4738
144
2867
3733
4478
2247
2169
4212
613
191
4166
659
4299
3183
3614
3362
988
3529
447
40
4762
4696
3946
637
1668
3290
498
949
3849
4501
2927
849
2792
4676
2685
2870
4430
1073
916
3905
3677
2164
3457
1051
719
2974
2832
1251
3823
3428
1936
4177
2442
539
416
4302
3881
2816
3596
1181
920
3654
1642
328
4548
4748
4213
3612
3425
906
4871
1860
1764
4653
2993
4481
3974
1728
567
2758
1182
1953
4631
4424
919
233
3625
2241
3450
1864
25
1433
4787
1600
1076
3765
2374
1909
2559
4463
3453
2869
2645
2517
3558
651
4640
4722
735
3679
4172
1231
4699
955
285
4340
1451
2944
3824
3462
931
2620
1419
1215
1944
2369
1906
1031
1830
2574
2100
1434
1598
1223
1163
3828
3924
1577
1171
1083
1559
1511
2235
3874
2397
3076
675
1333
821
3498
2585
2798
2902
173
131
1135
2868
3419
3254
2343
4873
1377
3395
1643
4346
4116
2121
1804
3592
2072
2949
3277
4036
3575
4271
1112
4303
4817
4852
1514
3237
1544
4151
4503
62
1718
1332
4244
999
3305
3901
1473
3180
2124
2852
1798
1257
1363
1938
893
2751
4938
4480
2265
1563
2950
280
3590
4644
4020
4174
716
862
4755
3373
4094
86
982
1013
1011
4968
1082
3750
4306
4554
2370
3210
4312
598
3826
3352
2603
1558
355
4911
1912
4979
4468
2324
550
3035
2205
468
1401
1080
662
1311
682
418
378
1767
885
639
1273
4408
2865
3992
1692
3892
1413
2106
4791
4896
2954
1858
3903
4368
3780
150
3867
4997
2132
3460
2648
354
1542
2346
2421
2686
697
2980
3547
1934
4238
3928
168
2329
3334
63
3278
3535
3538
3542
2117
2544
4729
3126
645
560
496
936
4649
3969
3031
641
275
3098
4176
401
4530
492
2291
996
8
1881
4248
2110
607
3948
1796
2050
289
2239
3576
70
1756
1281
1205
3567
1443
2518
1200
4235
37
69
4623
1030
3736
4164
431
4993
1758
4426
3906
686
1091
736
2133
441
212
3842
1732
4013
3045
569
756
2267
2057
164
2910
3286
4389
477
3127
2839
715
2953
4345
3193
4757
2694
1448
1290
4027
707
3149
356
2636
2543
2142
51
2669
409
1268
3957
3599
3897
95
1675
1844
2127
1372
2605
939
3519
2492
3041
323
4568
1414
169
2602
2802
4851
77
905
640
3766
1646
424
4736
3073
3019
3190
428
577
4831
142
1280
281
2118
1355
1893
1431
1394
3010
1165
3952
1143
240
4195
1986
3582
874
853
1270
4998
2069
2447
429
2973
655
2460
1730
986
3114
1358
4284
2198
841
966
2303
3003
934
3652
1706
3800
4514
175
3908
2871
2300
4053
2408
1327
81
3830
1471
272
1993
351
1996
859
2879
1230
2203
3298
2287
627
204
2730
624
625
2237
1940
3859
4688
644
4667
3675
4301
3700
3564
4382
261
3491
114
1705
3684
1259
202
3239
3578
2957
656
3016
2984
2788
437
3633
1409
553
2206
3033
664
1793
1318
2942
2502
2553
23
4949
3221
1627
4641
1998
1987
4017
754
3435
2703
4047
3689
840
1103
3647
3370
72
3326
27
1629
1766
2005
3063
3754
3017
2630
1220
825
1648
4843
4727
3860
993
4533
4031
231
2940
4052
881
94
1709
2988
244
3500
4775
3186
2731
4580
4119
2634
376
501
1740
3167
574
4249
2223
2418
3659
3630
4535
3389
2981
3232
2888
1885
48
1123
2208
372
1707
1825
4129
3875
2820
2175
1209
473
631
3711
3663
41
3810
4777
4343
3119
2625
3871
4526
2887
4356
151
2903
1687
846
3670
4865
1956
318
4745
3939
296
1088
149
4570
13
2228
4485
726
2833
4988
3790
109
135
1149
4504
4604
2087
1624
745
260
2077
3461
4446
2280
3101
2676
1417
1626
3605
2735
3009
3929
3440
1892
3005
636
1905
806
373
1466
2814
1402
2829
357
2756
2795
1954
3123
2725
994
3053
1651
3294
4912
4863
481
1817
975
3944
4432
242
803
1467
3721
3051
2627
3993
4383
1242
1779
4241
4926
2282
1966
3086
562
4145
1098
1590
1221
230
4888
1000
4322
871
1081
3562
3797
2261
2270
3452
193
779
3206
3214
1611
1348
4847
3482
4218
4981
3706
3569
439
1388
2813
2405
3512
383
4064
666
4794
167
945
2354
4785
4275
4043
2844
1815
3958
4146
219
4807
1329
1232
3302
3396
313
2445
1339
127
3502
4109
3142
2546
1596
2749
870
2542
2018
744
4191
3662
1026
3173
3243
2575
453
3267
394
2096
1921
1244
17
31
1821
4749
464
2002
139
2560
342
3761
3555
335
297
499
1904
3735
944
642
1241
1898
1822
38
3208
540
3615
426
427
3752
3143
2657
143
264
2644
4203
2414
4524
1212
2945
4572
2712
1041
4334
516
3589
3525
232
3285
583
1972
300
809
3580
4602
568
602
3348
1566
302
1597
1656
3942
1506
3631
4633
2996
801
115
4385
3414
2092
140
3713
1868
59
4207
3996
83
1060
3473
4609
4465
1657
3284
2276
2245
1009
1279
2471
3042
2983
946
1717
3961
1442
2706
2396
3024
2249
4150
2904
2752
4591
1854
2491
3199
1878
1962
4630
3856
3563
3490
3215
4882
4311
3379
2319
458
764
317
2766
4118
4978
3644
580
4574
353
2990
914
1989
1747
3105
2171
572
1890
2439
4483
1680
3672
474
4482
4543
1855
405
4324
3606
4786
609
443
804
518
3773
2361
4513
1757
1353
2770
2131
566
157
3444
16
148
1852
4680
749
3391
2537
3451
1695
20
684
1842
4836
3303
3610
4818
1066
2528
4707
3179
177
1533
4795
2008
4849
1286
1068
2006
3484
2316
1678
2810
263
1871
3642
2626
1908
3715
3868
4111
3314
2378
484
2183
608
3061
162
276
3439
3257
2473
3479
2192
4351
1635
325
737
4437
4316
2191
4613
1495
2307
912
1712
750
1425
2310
3997
2941
2305
3222
1359
2617
1774
243
829
1055
1628
2487
898
922
2085
3022
3950
3171
336
4862
4534
1508
2126
3616
2286
691
284
4163
90
4018
2915
3531
60
247
3001
2148
188
4856
579
2081
2371
379
755
1781
3274
2556
3665
2042
2438
2803
4278
850
2800
3346
3552
1375
4152
2845
3923
4802
3685
3591
3962
3936
753
4208
3728
4547
2739
1378
4307
3236
4362
3740
49
422
3528
1258
344
2581
172
3198
3431
3933
433
4012
3324
4599
179
883
2526
2799
4538
2956
4588
3726
2896
1650
1990
1964
1983
4620
4101
4528
2590
337
1054
1682
4141
3566
2695
4593
4683
4833
3308
1759
3436
626
3784
1184
1589
3527
332
3163
1278
3588
2512
1553
2898
2195
1130
3212
2151
1252
4648
4617
43
900
1800
1275
1557
435
619
4772
2180
3075
1960
3935
4479
3192
3259
4469
3898
460
1632
461
4029
1982
734
838
3415
1086
487
3716
2269
1245
4234
888
3913
3809
2743
3407
1465
2040
3097
995
2074
4679
2162
2503
3966
4520
283
877
2216
4751
3673
3241
4946
4559
2263
3835
4423
4902
930
2523
4197
3514
4664
4793
1005
1562
1369
573
1179
4895
2878
2352
147
3896
2573
3649
2719
515
4431
4897
3671
1072
4062
908
2214
1391
3515
4567
2149
3666
1803
1572
2818
257
4412
775
2031
4214
4824
3727
2718
4460
4319
2715
4960
4349
1453
561
2841
4558
4921
2822
621
488
1312
1725
3943
973
2918
4169
875
3634
665
2017
703
3122
3755
4103
2022
4425
4614
1057
1216
2459
1456
2355
3011
1713
2598
2775
39
4715
3279
4832
1263
842
890
1316
2393
1288
292
1331
812
1806
4247
3000
4980
534
1309
1393
2762
347
1289
480
724
52
1531
3879
4731
2760
3454
4759
265
4877
2934
3786
4348
4199
3782
1918
362
3227
4493
1240
2995
4122
1569
2359
2007
4721
3520
111
2470
2797
3096
2673
943
273
4812
778
3111
4905
415
279
2366
3737
4698
2308
981
3795
3158
4021
3919
3472
4891
3699
4267
4582
1517
3448
1606
4458
687
3565
876
4539
269
2379
4117
1745
1654
2697
2750
1841
1145
1776
844
2012
3047
4190
1483
1637
3912
2105
4274
3021
1404
620
2236
3388
2015
1383
2640
2312
2322
2895
1726
2550
2153
4716
2014
712
2114
1175
4505
4270
2850
3805
3843
557
4327
4655
3850
4781
2688
1900
3015
4989
4690
4951
4636
4628
882
4821
4881
4178
2836
3731
723
2958
2157
1786
3471
2242
2809
1819
4170
575
1440
1790
1770
2046
1907
2029
3940
2929
3043
3299
1187
4461
960
1022
3113
969
1155
1895
2700
4780
2596
3829
390
4413
3
1538
2181
1384
91
166
3235
2134
456
4440
370
2858
4761
774
3268
3822
2538
4447
4406
576
2534
4298
3724
705
1658
4189
417
773
2387
3852
3886
1342
857
4987
2161
2196
1454
2314
1351
3312
3883
3723
4804
3437
3311
3532
1618
3336
3102
510
1291
3965
2099
508
769
1824
3494
442
3161
2505
215
3602
1422
2680
3681
4834
2248
1791
3770
2979
2919
1468
1834
4718
4216
397
781
2875
1620
1092
3219
4359
1486
1677
1985
4201
2311
4010
4402
4130
4451
899
3148
1655
4123
1482
4264
1387
2607
1225
3613
1340
4081
1239
450
1203
66
4506
690
629
4434
4703
1530
4016
4887
333
419
1607
649
2733
4806
509
2213
3900
4647
4102
3476
4085
3136
4963
4508
757
3292
1753
1653
1140
4995
3438
1973
1159
788
73
4455
1276
1970
1248
1778
1622
2032
571
3854
3485
828
4377
3594
2256
2779
1945
4261
701
3139
710
4642
2055
1121
3187
4608
4297
485
535
2907
3327
184
2028
3418
476
4940
4750
3263
751
2704
3692
2368
1172
123
688
1794
4148
4708
2840
4638
4516
1509
3768
766
2500
3081
4625
742
2484
446
3697
600
3775
4605
1665
1816
3133
1801
698
2258
286
2288
3526
1488
3556
1924
134
1313
1787
4475
197
125
3429
3507
746
1823
1897
3218
2828
4477
3467
4607
3703
1002
2921
2020
4562
4976
1099
2671
183
901
4427
470
537
1053
3320
2755
1662
363
3029
2621
3688
3637
1437
4365
1326
3039
4768
3734
3120
674
4243
4542
137
1968
2194
330
4282
4291
1853
967
1373
1916
75
440
4734
4598
4358
1704
2933
1561
4161
3441
2345
326
2217
4551
4809
678
1090
4684
2275
1424
3018
1524
2041
2335
2202
2254
1344
4685
2519
3013
2386
2321
262
4429
1540
4564
136
891
181
2429
4925
3424
105
187
4369
1207
1115
1602
2969
4120
4344
3651
1889
4948
2494
542
2084
551
3421
3363
1461
3416
3369
4329
3788
3178
1262
989
2506
4144
2856
2587
3216
2678
4611
4746
1875
3200
4114
4442
1939
2456
2226
3275
556
278
457
1619
1975
796
4763
28
3046
3182
2622
3151
1310
3698
4106
4814
3949
1660
533
2885
2806
104
3980
3976
1681
3175
2699
4153
2801
4705
3917
170
2154
3293
2723
3037
444
274
4788
2823
2737
1006
1136
2199
2167
1497
2266
4217
2289
4251
1586
3271
3405
3635
2109
334
521
4797
4830
4886
3584
3470
2448
3172
2702
3747
4494
3674
1548
1298
1139
2496
4600
3264
2219
182
3984
2661
161
2290
1269
2767
1033
4108
3469
3819
983
3343
3304
4200
3769
4517
2367
2327
4566
2920
4061
623
3204
3866
4115
3712
2656
1850
3862
2200
1499
4014
4073
998
2707
657
4674
2478
1614
4272
2298
713
4639
4436
4714
1788
4000
4180
3668
4934
2514
3705
2115
4522
771
3360
2108
2761
1069
2716
1672
952
1711
747
4577
4347
2047
4753
4965
4864
1752
55
1222
2240
3044
3915
1565
1449
3916
4700
1008
3055
24
119
4233
4893
907
4376
2714
6
1927
3524
738
4054
909
1799
3181
3985
3559
2629
4954
1663
730
176
3680
4819
1543
2972
251
1550
3325
1560
2785
2912
3743
506
4222
1188
2637
1659
2567
958
4488
2116
1580
4701
4314
366
343
3205
258
1541
1539
932
2668
2838
2555
4581
4037
721
894
1518
3811
3550
2293
3789
359
1941
4986
1978
886
3872
1390
1395
1046
816
2094
4310
3695
4565
927
4136
858
3402
4597
2783
4011
536
1480
1266
2736
4004
4454
2230
2994
543
4105
1833
979
89
2815
1206
4622
3281
1189
4173
4096
2913
634
1935
1164
1575
1710
1109
2315
236
3517
4560
4691
3223
1882
146
4702
1592
948
3587
2152
2578
4276
1049
2488
2451
4188
1435
3157
2926
3309
1487
681
229
1727
4099
795
3112
1336
3404
3718
2493
3910
2959
1570
2679
361
2653
3956
4717
3026
818
663
2666
396
3838
2961
2351
861
3355
2754
3318
4933
554
717
3864
3732
3585
3927
1058
523
4093
389
3492
462
1059
1700
1623
633
4937
593
3857
399
514
1146
3345
2827
2682
0
792
3771
228
3359
4531
2824
4878
1237
702
398
725
349
1371
3099
837
2325
3540
4352
3140
2454
3627
2071
1429
3287
597
760
4350
2207
4059
196
340
3306
402
1848
4883
4813
4853
1421
4635
1512
4900
2313
3988
4815
2035
2565
1703
3777
1343
1403
1158
2338
2411
3554
221
1151
1810
1694
2135
582
1034
1521
786
3088
797
4192
3401
3380
4918
1264
3778
3655
3185
4056
765
2753
928
4226
352
3548
2606
2150
4462
1995
3121
4058
1795
4771
4555
293
4740
4675
4810
4401
2435
3375
2691
3132
2848
3116
3793
2025
2380
3329
957
3339
2486
4409
2317
1851
3998
3624
1122
2372
1887
817
1129
4694
3709
4713
117
2281
3571
369
1463
4945
403
3350
4584
3165
1050
126
1613
3597
3068
2016
1126
380
2062
1723
4621
3891
2638
4441
454
4670
2747
4773
3333
3094
4147
2662
997
239
3260
2178
2709
53
324
2416
761
3321
3758
3064
4536
1526
4992
4966
2905
4957
4065
1321
4202
371
1702
364
1749
4765
1926
1108
3918
4720
1411
138
338
3878
1919
3911
2943
611
2787
4959
309
3763
522
2398
1947
1019
1300
3110
4227
4778
3445
368
3959
3072
3406
4294
1152
4540
3465
819
3757
1304
4507
2381
163
2789
3669
3052
1556
4422
4975
1208
4078
2400
2690
3188
2966
1254
4858
2564
4187
235
4784
4414
1345
2295
692
3701
2884
4024
963
4223
1640
2141
213
1992
4663
3603
65
3722
3970
2000
2773
1951
2053
544
4252
3890
2717
3937
2883
3968
201
4544
2089
588
4829
3914
291
2464
3147
4947
4913
889
2278
2394
408
2857
2796
3753
4375
423
1527
2086
2650
3273
4444
64
3516
520
2122
962
971
3176
432
2026
4068
1587
3785
2093
2764
2791
2740
3573
3841
3847
1649
4711
4999
4509
1593
2434
831
2444
2320
3938
1771
322
4095
1812
156
1314
3545
4589
1234
668
141
310
270
935
2229
4936
4185
3385
933
3481
2059
785
57
2166
3506
4373
3557
3767
2019
3523
2111
1062
782
2078
1863
1267
4646
1294
1174
820
2932
4388
3036
4125
246
3546
2989
3626
307
1
2916
868
1303
865
1357
4510
3973
2332
3080
3646
4596
2490
941
3367
4953
4211
1226
4143
4665
1773
3622
4889
507
1671
1765
2925
1085
466
4760
3253
1167
1287
3159
4776
2070
2326
4719
3351
3266
4909
558
3394
4590
4155
2649
3213
1866
1078
2010
589
2582
3322
4944
413
1477
4088
527
1250
4541
2328
3696
3466
3989
2392
4682
99
2890
3378
790
2186
3353
4082
3719
2615
3130
4754
2708
3007
4915
3134
4320
4924
3620
2268
1870
4196
872
4739
1410
1397
2233
1334
3837
4395
216
1818
4342
2406
2185
2348
4044
4673
2466
528
4532
3474
1535
2772
1364
3691
29
495
3383
2825
3371
2415
4583
4198
4317
2467
2364
1496
1724
3893
1567
4407
329
2279
739
1534
2353
1588
56
4840
4816
4308
3265
2549
1733
1293
1436
4126
2388
2794
377
1942
4304
50
4800
4071
1484
4242
2075
1584
4601
4498
3135
1734
3598
2780
3963
3941
3109
2224
1636
1690
3632
2835
4149
1845
1899
1969
2923
1117
4410
1552
808
3128
4724
497
3332
2970
3629
1616
2765
3229
2667
2511
2541
2480
731
2358
1366
1917
1450
956
1469
2724
3953
1354
1120
4325
407
1811
1035
3014
3742
4486
4022
2344
4941
1132
1186
1948
3744
3975
1785
1981
2060
223
2769
4231
4914
2713
2807
1150
3873
1315
2893
2937
2339
2039
4215
2599
4603
121
4033
3553
1038
2613
1754
1829
4384
1320
1470
1976
1133
1797
4321
3144
4983
2742
2522
1277
445
2437
4769
2652
2401
4266
2210
4706
1459
3561
2624
2058
3889
3930
4184
3922
3442
972
873
3399
3108
2221
287
947
1877
3078
2674
1843
1368
1594
3987
3138
1736
4920
3690
532
2963
595
3704
1532
4435
1500
1750
238
387
990
4901
1024
2336
4578
1001
524
704
3645
2146
1325
393
4917
1546
1872
4546
2960
1292
252
654
722
3313
4040
2847
2130
4626
218
2424
18
1308
256
4550
4015
852
660
67
4055
2513
88
74
207
2095
3836
388
4961
4796
3495
2333
2482
2425
4254
4007
3510
3501
4006
4283
3995
2068
4060
549
2360
3093
1595
1119
4472
4879
1744
2978
2468
4903
4860
4175
4868
106
679
4328
1647
3884
341
2592
2373
2721
3729
3791
1585
2048
1828
3008
4419
1481
677
3338
3636
4063
3683
652
1458
4236
4295
2356
2489
720
1807
4470
1137
2056
237
4499
1503
1048
224
546
805
4511
425
1591
3069
3832
2738
210
459
4758
2955
1037
4287
2619
584
410
4932
1932
2446
2873
4256
2189
92
1398
2260
4958
714
1638
4491
646
2529
1295
3234
3384
976
1065
978
1249
1105
3994
951
4619
708
434
3364
2589
2457
2906
3315
4183
3848
3739
1087
911
3106
3156
4489
3676
1007
3195
1021
604
2635
2212
4091
564
1879
1478
3708
4339
3085
4634
36
2244
1018
1519
4906
4484
3497
1438
1400
451
2987
942
3979
110
2577
209
1201
4074
4929
2227
614
2628
1236
693
255
4931
3477
3954
2238
4288
1644
214
4305
3802
3799
4898
3796
2412
12
2776
827
3103
4820
1772
1176
4394
1392
2705
1498
987
4545
3411
647
2654
42
4537
1296
2861
1813
526
1837
4985
1302
266
1763
2900
1549
2778
961
2201
2097
1185
4289
2781
374
586
1831
4464
1719
205
4257
3888
770
4219
303
1445
2309
2273
4552
76
3806
2595
68
2477
494
3746
696
2402
3801
2376
3162
4471
4801
2855
3803
2977
658
1043
4811
116
3060
2901
4744
3194
3551
1170
3749
241
4766
671
4876
129
1670
1965
4079
391
471
2808
4659
2119
4097
918
2646
3877
4250
4695
3397
1197
2024
21
4182
2080
3504
4904
4030
3357
2982
2660
2939
3207
3990
2430
4842
4128
1902
1769
823
4808
2964
4971
2137
4194
1228
2860
1610
3107
4994
1160
3759
4576
2357
1685
2337
913
4919
4996
1128
1865
2639
1462
4181
4569
1324
4008
250
4372
630
1272
2516
4009
4002
1235
2851
1502
2965
1365
3184
2076
4366
1896
3999
4421
133
1930
3392
2297
1284
198
1202
2285
2882
3661
4449
4875
789
502
3089
1751
2304
4438
3030
4870
3255
2897
1107
4080
683
2139
4090
578
1356
2458
4335
47
1229
1347
2395
2
1536
475
4405
3328
1246
2143
892
2572
3201
1427
3486
4861
1380
711
4661
519
3057
4038
1227
3607
4779
3202
3475
3579
3155
833
590
2659
4112
4610
3209
1826
3258
4268
2588
517
2302
2768
159
910
2853
2140
2159
2570
1265
102
1102
1142
3762
2548
2474
4681
2612
93
2633
1836
4067
4743
438
2757
596
1792
3137
2156
3861
3034
2504
3230
4910
3846
3798
1838
4859
358
2413
3738
2952
3443
3288
1305
929
2277
4672
3427
565
2722
4563
4084
4134
895
4186
3720
4942
3581
1166
3549
493
2741
4162
1782
1615
1568
2563
3499
937
4709
3067
4260
4309
2432
4165
3244
1913
1579
1464
2168
2341
2112
1874
1977
54
2113
1056
2579
3544
1564
482
1032
1667
1943
248
469
2532
254
4367
1426
585
1920
1625
2819
3821
3489
3077
673
4629
2551
3513
1196
3124
4595
2539
1243
887
3248
1307
192
2104
2481
208
4890
290
1405
1928
1253
1504
4518
1661
2073
178
3040
367
4159
2881
2123
267
2586
321
2255
4230
4521
1379
2253
3028
2193
4133
2891
2294
4561
268
4730
2155
1604
3972
2571
4686
2701
1847
4556
2681
1805
4822
1213
4262
1148
3772
3483
160
680
4075
2999
1880
1491
653
4874
4767
1991
4087
2272
1489
4132
3301
2569
4028
2462
3760
511
1634
2251
759
1696
1697
915
206
3337
1153
2299
4712
3246
2843
3774
4827
1731
1802
4051
2334
700
954
1071
3252
1374
661
4496
3508
4100
3839
406
1192
3261
3408
4492
1722
412
826
1691
4515
2399
917
3533
1204
758
4420
2928
155
923
4473
2545
3522
3660
2971
1762
1840
3092
4210
10
3310
2849
2433
1741
810
421
4837
2225
4969
430
1721
4379
304
2886
2044
2866
58
4138
767
2817
1297
145
2562
320
4823
4656
3815
4220
2306
1162
1631
2872
4930
4050
1520
1720
2136
1571
78
676
217
1255
1507
3621
1883
1015
4450
2991
3717
3417
32
4866
867
4139
4789
4907
4361
2469
4390
3269
3664
1195
3189
4336
308
2938
346
3059
1282
3945
1168
2946
1755
3231
1157
2597
718
1839
940
670
2962
2675
1446
1198
3240
2986
1077
4086
3870
2043
2720
306
1399
3982
1522
2375
1784
4654
4728
1063
3899
1775
2163
4428
4092
1748
856
1669
512
2908
3006
1381
3090
2091
2508
4587
3807
1861
3978
2063
1096
2727
1961
3420
4142
1876
2531
2030
1555
33
2222
3422
1418
1299
3447
2618
4323
2441
3543
2909
845
897
3730
4927
400
4894
3541
2763
4618
772
1104
4411
4269
855
605
4273
4279
3981
1846
2642
2061
1370
791
2004
3297
154
4353
3251
4404
4228
3804
1301
85
1025
2698
4069
2782
3869
4841
2859
587
2692
465
3530
3152
1412
4586
1869
2027
3844
3986
4448
3817
3062
4005
1131
4397
699
1859
3667
4076
1827
1999
4042
234
288
259
1064
4732
226
3539
3082
3880
2170
4290
2349
628
3341
848
1415
1014
3154
4137
4127
4245
2998
4221
1583
921
1832
1154
3262
1475
3403
1910
3166
1285
1350
4374
2864
4456
4393
2689
2450
4398
4939
1047
9
2284
902
4416
2052
3787
4692
924
2485
1609
1574
1416
3104
2218
1124
2558
1116
2383
706
4077
4403
2033
