739
2022
4528
3306
2915
2480
2986
3607
590
3609
3580
1391
3870
1260
3541
4630
3695
4609
350
2293
4708
1690
2764
3373
3814
975
4805
3712
1921
3331
2527
920
3008
1067
1835
1528
1698
4599
4880
3717
405
4852
4297
1062
1070
4120
588
1017
2410
827
1468
872
2033
1614
881
3703
3216
1238
2027
3106
2314
1159
4232
4420
2903
2274
4408
4111
4155
1135
3061
2184
4374
2565
4897
2101
1761
1603
3796
117
1596
648
2062
1923
569
3065
4320
4839
4243
4621
2180
2413
1810
1125
4844
3145
705
1128
2015
184
4383
1629
6
1551
1147
2113
487
1729
4135
194
373
3698
846
593
2979
3385
2837
1811
3289
3057
1662
2270
4956
2504
1278
3760
2628
2901
962
2596
2334
1750
2735
3196
83
1285
3475
1475
2913
3299
2831
294
232
1517
377
137
2552
2105
2056
3117
3078
662
170
1292
1979
979
2482
357
4928
4421
4302
1714
4468
1496
185
3509
4836
855
2479
824
115
2981
208
4996
3501
3721
4993
3623
1315
4234
3553
4510
1655
3983
4524
883
742
2061
3507
157
2589
4434
4358
4550
3080
2470
2103
3101
344
140
4373
2020
1676
4249
4930
3954
4990
1803
1885
3801
2528
1437
2583
1999
3515
3365
3409
1139
551
2587
525
4542
35
1720
587
3238
1105
4030
544
284
2867
4119
1595
481
2042
3427
3839
4588
636
3537
1778
3550
917
3757
51
2949
553
3519
698
2348
1538
4458
1456
4768
1542
1672
3538
3810
1937
3396
582
830
1916
999
438
2146
4428
929
1540
4029
3402
4606
677
4988
2234
4290
3811
906
4178
3856
1034
1453
1926
1737
904
1889
4193
3205
1823
62
982
600
1986
4062
4319
2773
1545
1006
4590
3319
696
4389
3535
1717
1470
4240
1650
4190
3731
2461
2914
1352
2685
453
4263
4695
2945
1788
2054
1647
228
2558
1876
1692
4112
3249
312
2912
837
231
3452
1500
507
1242
2220
2506
1941
2275
1092
4598
2972
3423
2332
2059
3133
3122
1198
181
309
1902
617
1852
234
2955
2551
882
3696
3325
4171
1865
188
2852
2498
3642
1682
2639
2595
1765
4932
3055
2368
3308
2438
2138
2531
4536
1322
1191
351
992
4829
1310
4141
2156
3669
3634
4199
2490
1471
699
703
4561
928
2361
2144
4900
1956
4658
3706
52
3799
4000
2102
4318
2546
4335
671
148
1417
1505
647
878
3418
3747
2182
1636
996
3425
1362
191
776
845
1749
3518
937
2988
2465
3443
4299
4427
1011
3941
1392
879
3363
4
1252
2866
4613
343
1379
4709
1033
3187
2095
788
4448
4752
404
79
1377
1688
1623
2645
2299
562
4678
4023
1429
431
221
211
1370
122
3617
3999
2375
3964
576
565
3483
4330
3177
292
53
4103
4281
4134
571
579
1834
3419
4066
4614
4694
3367
470
3637
136
2325
1875
369
4781
3032
961
1166
2713
978
2163
2181
2593
4822
3910
3523
3572
707
4280
1818
3150
4355
1742
4360
1086
2106
2346
2191
2875
3596
1481
2143
1501
2673
2747
1102
3485
2523
2445
3945
2812
2087
4198
532
2164
3391
3624
1514
4079
745
2967
319
21
1007
3410
3477
2278
3424
3753
1208
218
1164
57
1309
2922
3965
770
749
4009
4464
3403
4986
844
2354
392
1357
1522
4395
2411
1952
2604
7
2514
2557
643
1869
317
2683
2612
3632
241
4020
4663
253
486
2168
816
505
4743
1780
2148
3895
3138
316
4918
2825
4719
4346
1432
1680
535
38
1582
3960
4049
3278
1787
4367
555
1521
4779
1779
4379
3987
1648
3936
365
4654
4737
740
463
3491
4978
4414
2069
1536
2337
4331
3548
2043
3587
3022
2721
4424
3428
893
2142
3397
3916
901
2737
1329
3625
2044
1509
3592
307
2946
2469
1975
4462
783
3889
970
2545
1689
1809
3661
4830
2530
1192
1180
512
681
3073
4056
4380
458
3383
4903
190
82
1156
1946
3759
2501
4864
4796
3927
1022
66
750
4589
482
3716
1954
346
2698
925
3812
2231
3431
4349
4450
176
3464
3285
4652
2436
248
2930
1883
2618
489
4874
1174
3897
3533
4411
1236
4971
691
1214
3417
2820
3694
3994
39
3718
4347
1341
732
2941
3103
252
2452
2162
4498
568
2007
474
547
2779
2885
3911
3982
4476
1624
572
910
2058
1036
3470
1206
4321
656
2932
4058
4027
3450
664
2936
4492
4469
1061
4308
3776
2336
2550
3159
483
1820
4219
149
3408
971
1348
340
2693
1890
1711
89
3725
4055
2801
1800
867
1343
1695
903
4244
4501
2560
3251
3035
3085
2242
1190
1782
2157
1652
1439
1962
1507
320
4445
3835
3919
3016
4565
3081
4097
2118
4704
692
912
3787
4270
1558
1492
2326
972
4246
4065
1994
1953
890
261
2966
988
2030
2950
4214
4491
2174
4018
956
2706
940
2379
209
4869
1786
2313
4351
610
4117
1963
2414
168
4401
592
4075
4145
3668
4529
1197
3018
3775
3555
2306
4899
1421
2131
3056
4328
3874
4921
3371
3676
3364
3234
2824
2830
3411
2478
2613
2029
2175
4733
1679
3697
3086
4574
1599
2758
1929
3808
1410
2926
2500
3517
169
4797
2364
2267
2931
4363
81
3495
3298
4212
207
2195
4666
1104
4180
275
4929
1071
4443
2749
4906
4361
1389
3143
4397
1683
1709
1280
4721
1124
4236
4754
90
3481
1707
163
4772
680
3436
1320
1550
4567
4808
633
418
3027
4795
2317
3456
4130
2962
866
2578
4851
256
1404
2014
1455
1369
44
3771
4473
2724
1095
2884
2187
4400
4787
1659
3154
1054
3627
1668
3937
2510
1279
2603
508
4602
3100
4975
2662
3437
2606
1196
3172
3029
411
1444
1264
1047
676
2112
2320
2050
3551
1837
1628
4638
1408
1606
674
414
2055
786
370
2502
1619
1774
2892
4196
3691
511
1220
4673
1101
3905
478
694
347
4022
4593
2835
3959
950
4616
4766
3266
763
4322
451
4904
2652
3007
546
429
116
4381
4084
1666
3153
3113
3454
3013
1254
1669
4974
2371
1130
3388
1057
2788
3763
3340
3975
924
3838
2424
984
2189
3478
2010
3524
3947
2186
189
1301
848
779
541
2290
1898
4731
1117
665
710
3882
4738
3586
4292
4522
448
1893
3291
4288
4294
2753
1928
4905
244
28
4720
427
1801
3690
2073
4257
1112
1769
1833
1323
4477
1972
2592
54
3779
3564
2456
2223
2075
2260
3527
761
601
3393
3846
4057
364
4950
492
2995
1138
1029
2750
2167
556
4685
2086
3761
537
4215
247
4003
4369
4376
3134
2889
2842
1970
2562
4033
337
174
3907
2202
205
3337
2347
2647
862
1718
4890
192
3616
2598
3438
594
4314
4739
4726
3321
3530
2591
4266
2808
4067
618
539
718
3054
1277
3127
1240
2727
4512
3978
3399
4826
4104
2918
4834
3314
667
2804
3594
1900
4803
550
1425
8
3636
2714
4634
2739
2722
1085
67
1932
4449
4239
2377
675
2449
454
3433
3531
4334
2925
4247
4089
4814
299
911
1163
856
1637
4258
3484
2634
2898
3921
4534
4344
4227
3740
4618
4680
1091
3446
4399
471
305
560
1452
1934
4741
3377
1609
4183
3208
4241
4977
1008
3724
3520
4317
1303
2040
2288
3823
11
4963
4354
4223
3415
446
1384
1443
4711
558
2547
417
4850
1643
3744
3571
753
4586
1866
3359
4961
1307
4530
595
2376
1984
3005
4865
3188
3394
3125
1575
1983
280
1772
106
2975
4106
3970
884
1838
1696
4352
2295
1827
2601
3466
4109
1248
200
1977
1188
1324
4088
4076
3387
4208
938
1004
3131
2789
2256
1129
4876
1485
2964
1109
1561
4804
1802
3170
660
3262
1380
4592
2655
965
895
4154
1586
4248
1763
4520
4329
907
3918
1114
3894
2484
345
2443
4071
4324
3752
1179
142
3202
4907
2399
1244
3277
4151
2873
3821
3595
897
119
2549
4692
835
1794
3651
650
4490
4063
4485
4934
4255
1087
3766
2911
909
1184
3506
945
981
4131
2515
1068
3185
755
4710
1
1790
2882
4667
1705
787
1466
4144
4801
2111
1612
1864
428
3036
4326
3557
4430
125
2688
990
995
1131
2793
4677
4129
2417
3144
748
841
683
4699
1226
4838
30
2268
1339
4167
2440
146
4665
1193
2809
295
886
1985
3235
1401
1504
3422
4637
1230
2783
559
1249
3544
17
2906
2516
2761
2053
4566
658
2519
2271
1346
731
4647
2611
282
669
3546
1939
2294
966
2296
1216
199
2026
1613
4224
1201
3167
485
1853
2114
3284
2942
2542
1231
679
2004
3522
3003
3155
331
3260
3077
4048
333
4040
4064
4856
1700
614
2868
283
2497
4902
4230
1675
2785
4052
4891
1966
4734
1243
2063
3689
1383
2219
4509
1079
330
1314
4628
4845
3510
548
3995
708
963
3140
1965
2117
823
2686
1489
1991
2074
1290
3448
2617
4551
2848
442
4197
1691
4776
1167
2489
3803
4161
372
2251
2599
3015
2822
1305
1745
4475
1265
620
4406
4587
32
63
1052
3242
1697
2235
2605
2154
4010
1246
4951
1048
2745
2333
1798
4817
2681
1046
4952
654
2442
439
1806
3981
3886
5
4997
921
1638
1233
3883
3296
2035
4474
1020
1882
868
3164
3956
714
4053
102
4108
2137
3805
4202
2719
3560
2977
4947
4269
4268
3292
304
1136
23
3290
630
4860
4253
3727
3671
420
4404
3156
1632
2522
4388
2832
1651
2253
2324
4392
239
4174
4256
4868
899
2909
1754
36
3748
274
2396
3745
3552
4166
3243
2409
1430
1393
2871
2122
138
2744
4764
288
3488
3993
2637
2280
2228
3315
2352
4019
4153
802
3229
2257
1878
3400
328
4252
4265
3458
1478
3704
4983
2281
2748
2786
3368
2342
1256
3037
3720
4479
552
4041
4578
581
3770
2453
2481
1327
3261
1610
2787
1447
4377
3255
3324
573
321
2078
1886
3116
3736
1583
2245
2843
2049
2818
3646
3793
2130
2856
2525
1783
941
3001
1096
4631
2939
3755
638
3376
3445
473
12
2590
3276
4451
1879
257
4712
4519
144
813
3516
1435
2477
2418
889
1494
1821
3265
1579
3123
1074
4771
4496
2554
107
1213
3460
1752
1415
3459
1118
3569
4636
4008
4790
4944
534
1221
3259
3877
774
222
359
4229
4777
1204
4633
160
1535
2094
3576
2252
1484
3946
3794
4926
1567
1134
1266
1412
1024
4597
2938
3853
3451
3971
4959
1858
2398
4480
3395
2454
3494
634
13
4855
3374
1722
1142
3589
3030
1347
2614
4231
3735
1082
3338
436
2576
4571
3181
655
2084
3343
388
126
1859
1918
3295
271
1088
71
3334
1974
3672
4853
3063
4182
287
2716
720
869
712
2952
3360
4940
3375
2569
2476
2468
2402
4275
1525
2459
959
3943
4005
2679
353
728
323
1935
1469
242
3197
277
1041
2845
4080
314
3826
4099
2762
1907
2759
2392
1064
2432
4222
348
4809
1111
3855
2756
2940
1673
1685
154
315
92
1516
799
3218
4717
4432
3309
3791
919
2869
3800
1531
839
4505
1349
1684
422
4533
20
4687
4883
2472
1434
3173
4842
4798
2574
1332
4272
586
4107
42
2389
3590
3132
3239
1868
2292
3822
1530
2588
3866
2760
1050
1753
3344
1154
93
3685
1591
1569
3790
1949
2539
1120
130
4422
1122
3004
4746
4091
3825
727
3603
973
2555
3666
3240
4775
215
1272
3909
3525
1396
4603
3468
865
2766
2000
3833
4460
4086
4627
2799
2797
1829
1678
1726
2446
3683
4128
3044
3118
3294
1185
2850
3221
1031
243
3237
4494
4889
2150
2728
2666
3769
563
1458
626
4457
2355
1642
3082
4094
2428
567
3686
3034
1674
3940
3407
1703
4499
3678
2794
1880
2341
4429
3168
2573
2158
4849
2872
3327
2013
530
2226
3714
2173
1038
3986
3626
1316
1917
3264
933
1830
4912
819
4964
4957
2039
2720
131
2255
1804
3953
128
2878
4728
2923
1663
2204
4466
3024
1903
1407
1728
1195
766
2669
2998
1513
2829
2663
4378
4177
3966
153
4898
4087
2128
2048
717
1497
4082
4871
2019
2944
4300
3084
795
445
4137
4211
4894
3342
4612
2770
358
2188
3991
2433
464
1194
4901
4125
764
3382
834
1998
967
4973
3933
4862
3182
3631
1107
896
2888
3124
2989
531
3929
4026
150
1042
3232
4583
4387
3985
1365
4716
1312
1733
4472
2529
4581
3111
1040
4893
3366
1846
3829
3404
3353
4296
3102
4250
76
2065
877
3076
3577
2401
4051
4888
197
932
2775
1189
4516
2431
624
3722
570
3330
366
237
3504
1667
4419
4143
826
3847
49
2155
4291
3612
500
3913
4037
4262
1487
888
2827
3390
1529
2823
3733
2958
1933
2263
4148
96
1144
3584
2919
4674
3521
1736
1257
37
4157
737
3429
1183
3567
829
4218
666
3547
3089
121
3784
793
171
760
4310
1989
4287
4896
3660
518
4216
4502
2729
158
529
3214
3476
3934
2172
2246
273
1951
4286
4170
2725
1140
1098
4345
3157
2638
3049
2429
3051
134
2491
3893
50
3653
151
1361
1955
4701
1601
2412
3099
1158
2705
1390
390
4867
47
3467
2680
1856
2249
3610
4723
520
4169
2127
2097
499
672
2036
55
3914
24
892
527
524
2976
2308
4972
743
4370
4870
4493
4887
2816
1274
2844
1276
1045
611
3126
4767
3750
3556
4350
2009
510
2425
4757
522
4837
794
4624
847
3662
2507
1721
2996
1832
1459
1311
2676
1228
281
94
285
2416
3304
810
4238
4948
3990
657
930
2316
2304
713
3046
4727
4656
3203
2008
278
1664
1739
3699
1515
238
2717
1015
1808
1777
2193
1416
2179
2633
4570
1436
1850
379
1245
4841
1581
3053
1888
1449
4014
1694
4095
2699
4295
1304
3585
409
403
3211
2702
2492
1462
3215
1394
26
2664
4751
2265
3613
1600
3562
1411
1275
1760
3644
2564
934
3487
1677
2782
4552
1825
1746
2051
4382
4568
1863
1959
3579
2632
2261
1491
3503
217
1178
2863
334
1395
2768
3614
4608
4538
1639
2194
219
1527
3493
533
2772
1976
2282
2660
2305
3225
4800
2408
3570
1318
2900
1914
842
4846
437
3346
519
198
3922
2505
4312
3573
2791
3147
296
1012
4500
3869
2494
1881
2214
4194
873
210
785
1905
3358
3317
4298
2579
2908
19
3578
1899
4821
3583
2017
3834
2451
2851
4225
4564
2895
1199
936
2537
3129
3639
1388
4487
2692
1936
2859
3529
97
4162
4359
4635
1620
4554
4060
1730
2929
808
998
2571
129
2620
4981
1920
2566
4353
3074
495
2301
2577
4544
1069
1908
918
2381
804
4118
3742
2821
2862
1867
3201
4152
1927
4580
204
3881
4149
3702
1706
2771
3465
1406
2864
1076
3786
3322
2792
2397
3435
4965
1359
4440
3414
1110
2668
3737
4264
876
352
4735
3198
325
4831
4960
3875
2703
4765
2563
859
4260
609
1764
2973
123
4557
4939
1286
4543
3976
3649
4858
4407
2811
4531
3588
1422
4261
2311
413
1554
4584
3009
2349
1767
2575
2291
4610
4217
898
1152
3045
2513
4398
2034
2384
4812
991
3638
4555
1891
4806
585
3430
225
765
517
3667
4483
4820
2366
3420
1023
3912
3575
1748
1503
2021
849
3426
4036
3900
4405
3628
3206
108
3104
2283
915
1532
2120
376
2129
4074
1328
3119
4142
141
3352
1931
1940
2230
3845
914
1387
2982
4293
3797
3050
33
880
2198
3130
2471
3248
2880
4221
2159
4702
3674
4818
2643
2123
635
4879
1543
3645
4503
2363
3236
1725
1115
2297
3179
4276
4439
2330
4547
4390
4150
3795
2215
4671
1512
2536
1723
801
931
2149
4189
4025
69
3332
4083
4632
3087
354
2853
836
4046
822
4938
4679
384
3785
1113
1793
3335
790
566
1473
127
2116
1423
4759
2447
1626
645
2161
3979
2700
2176
1699
4605
3701
3512
3479
1143
4313
1119
1566
4832
2430
2344
3254
536
2284
3980
3092
1450
4235
133
1654
2626
4815
4770
2790
2567
974
3633
4482
1337
951
2475
2610
3163
598
4385
266
809
3444
2038
3859
1441
3688
1884
2322
3804
4306
1756
885
3599
741
2609
900
308
2107
4362
2345
526
4646
2197
2066
1590
2755
2247
3017
3281
715
3490
4431
1308
3268
1451
521
4885
2963
4689
4724
3498
4185
4517
1735
4785
514
812
4452
3257
4576
2085
908
4337
3068
1657
2521
4884
2540
4133
1950
2670
3023
4209
791
1993
2503
3389
4748
652
3190
549
1247
3957
2834
2904
78
1334
3038
969
2207
1255
1611
2199
4540
3176
264
329
2152
580
4535
4968
603
3473
1641
2607
2651
1758
4875
4753
833
1413
619
3105
375
3135
1215
2233
806
1568
2999
733
2508
509
1039
4116
2216
702
2493
3222
3043
1477
4403
3482
3820
4179
2153
4941
1149
2928
1106
1103
235
1653
4007
2742
3710
1025
2659
396
3183
2648
3174
4394
1987
1724
4047
2005
602
4122
4558
1203
1081
3514
3096
3789
1385
1405
4773
4953
1605
3115
4601
3354
4165
3223
182
693
401
1701
139
2160
3469
2874
792
4967
1841
4718
828
2243
4560
4691
4546
3378
3217
1073
2192
1075
1578
2185
2076
1564
3903
4488
2541
913
4332
4713
491
1775
162
2303
4878
1368
3565
1533
2318
1271
2323
3480
4760
1381
48
3942
3890
1982
339
993
2458
2927
1044
4043
1796
3928
65
3772
803
2960
767
725
3348
4098
2047
1747
2538
16
1325
2238
2165
2276
1097
1268
3615
4784
1043
2937
4121
2082
1789
1506
4078
1990
4175
759
3052
3996
3782
4657
3658
2870
4793
757
1594
4090
1559
4045
2089
1374
443
3128
3462
1019
4164
3618
1622
3282
279
1132
3746
3370
1848
1454
3884
4124
2584
1234
916
3231
2024
1716
4725
1644
4511
958
814
4461
1300
98
2023
628
1382
25
2496
95
484
1093
1618
2828
2769
1805
4923
584
2841
4807
2509
3064
2961
3210
3948
2954
2006
3951
4604
3025
1840
1741
251
3472
2968
3263
2462
4285
3807
2177
1133
4338
2166
378
3453
2743
1910
240
4873
336
1872
2151
2970
4819
3792
1938
1768
3152
947
1127
3040
4843
4976
722
1598
2423
2098
4595
3058
768
1083
4416
432
4039
2077
1945
3075
4173
74
2383
1051
1027
3955
3802
3949
1219
180
114
101
2879
3998
818
3381
3316
2088
2667
3200
4562
1524
360
952
1099
3136
4307
2548
4433
1909
832
3307
3852
3386
1791
2002
27
751
4021
528
939
1177
2211
3904
4541
2064
1330
2746
111
769
3754
4911
3598
4706
3180
729
3246
3837
4267
1182
2675
1360
1335
1211
1460
2393
1486
3158
2957
3677
805
4545
2994
3347
2328
4435
3777
4596
3406
113
4006
773
3673
3705
608
3536
3069
1681
1640
3253
976
870
3267
1557
435
1018
1078
338
2338
3204
4081
2897
935
3141
3031
771
4455
1616
621
2736
4916
3679
258
2924
2710
4478
1283
1222
488
2943
1845
631
3561
3380
1461
4909
4386
2657
4282
926
1493
1089
2463
4092
949
1814
3175
2971
4068
3323
3765
2406
1342
4857
1511
2733
850
861
1526
1948
840
1784
2819
2201
2860
1727
4970
4251
3865
455
4924
838
596
711
302
798
1817
1162
1860
2861
1372
2126
3091
3434
2658
3762
4454
120
629
777
4497
3088
1762
3931
811
807
1906
2287
3090
2358
4309
747
1710
3219
2362
1544
276
1205
2682
4495
3591
2956
1287
310
2133
1518
3093
382
179
3207
4515
394
1635
3463
2080
1331
2886
2426
1560
3741
4943
2708
2178
1037
2385
230
2434
640
685
2774
1013
4284
4110
668
444
860
3312
419
2046
3788
1981
363
616
2796
2534
4467
3888
3972
4339
2203
4316
1345
2992
34
2616
1734
4163
1258
1367
2619
3868
661
1862
3872
4114
99
398
4417
3121
1472
77
2910
2951
2464
3070
2121
4682
646
3707
1631
762
1615
2814
2732
4722
2269
3002
1874
1116
4840
2813
1523
1212
2561
2707
3891
957
371
1597
1519
3684
85
2210
1553
2839
2224
3581
1296
4304
1371
1992
3723
3602
2857
2099
4577
4273
1229
311
355
4937
4966
4123
3670
3471
132
1263
1971
3963
3659
2826
2241
449
4794
2840
4859
1351
4915
2907
2524
2104
2644
4438
0
466
172
3192
3774
1813
3212
4690
2003
4375
2916
1317
2543
2800
259
1534
670
3885
3962
1030
1649
632
1961
3728
1499
214
1291
820
3876
186
4828
187
1687
2580
1151
226
697
4032
4623
2553
3356
4327
4969
3887
831
31
2518
1785
1625
758
4172
3233
1593
2690
80
3711
457
2457
4653
1171
2134
3511
3849
2723
4465
2060
4437
4594
2052
3339
4070
1912
960
3961
202
1738
3992
3680
2279
3708
4920
4648
1446
3213
2225
2751
84
4013
2629
1202
2568
4311
4507
3199
3361
1066
425
2277
4213
1281
682
4278
1021
64
2948
220
1887
4998
3440
2474
2141
1658
4035
1420
2665
2302
1822
290
4186
423
2227
4254
3362
994
1930
1090
72
1743
224
4935
1831
2486
479
922
56
3326
2404
4569
2533
4640
3815
2849
3818
3863
494
2891
627
4426
1225
2544
2778
14
4872
1740
4504
1428
4365
2978
4778
2213
3302
236
2608
1141
4655
1589
3405
1919
4833
968
738
3641
3582
3412
689
1627
1897
1400
1376
797
4061
2993
3021
1630
1150
4572
2987
3392
2360
2600
2395
1771
2124
2298
2784
1224
400
946
4668
3608
3952
2405
1572
3028
3071
3984
4085
1943
3142
1656
4863
1467
3831
4028
426
395
843
4044
3749
4366
2696
4744
2920
193
362
2439
3220
4914
875
4933
2559
135
3827
4372
4619
1947
387
4093
1161
2917
605
4459
3620
543
4686
1913
3508
3109
2200
2752
3873
2031
2229
3743
3416
3902
1807
851
3191
4661
332
3647
2887
206
2689
3019
2738
4670
2250
1373
389
4789
4985
1378
4002
3066
3228
1571
3269
985
3165
1645
642
4813
3272
781
2427
60
3864
2422
2572
265
2110
4730
2437
1058
4259
342
110
756
1232
4763
2378
1549
3279
3558
1002
1646
2196
2582
3226
4506
2
86
2467
159
3657
4521
3997
105
2678
3526
2602
964
4642
2386
4892
821
2041
2262
1781
3094
3301
2140
2532
383
1403
942
2512
173
2209
3969
4201
4237
4342
421
4783
3899
3329
3372
943
3925
4994
1440
229
3139
2310
2001
4639
2485
2847
1063
1495
1978
3
3898
4277
3014
4758
2218
858
2012
313
1055
4651
1480
4895
1520
2081
825
3926
3932
2353
2585
1269
3062
322
1839
2254
980
3665
4585
4409
4559
3973
143
3664
4664
606
303
1671
480
3287
4989
1770
4271
2511
3974
4391
4629
2671
4077
2237
3283
3542
4669
2072
4591
1402
2119
1617
1172
1321
3252
4693
4982
2032
3442
2079
1577
863
164
3545
1355
651
2495
1773
2067
1702
1173
3719
3619
4740
4463
3500
730
4413
2631
4072
746
724
944
1295
3549
503
4348
3149
3568
2382
4881
183
4127
1580
4882
854
637
399
1319
688
4987
3457
1849
118
1922
615
2687
2109
1209
356
3768
4946
496
2741
3341
15
591
4042
2285
1660
434
2266
1476
2933
1313
4138
3300
716
3857
3033
2415
3935
2400
4791
297
4659
1960
1602
1576
3432
3878
1634
2795
475
1828
3844
87
4816
301
1958
4600
3650
1464
1077
1003
3988
4486
43
2217
4955
3275
4750
3067
695
3656
1059
2236
3830
1267
2777
2798
2259
4356
2170
1826
4158
3938
29
3000
4919
4484
3806
1398
1065
4446
977
1100
4526
4732
498
4303
3184
1851
1607
4756
4336
3166
391
490
4913
4323
260
1552
4715
46
2711
3107
195
1508
3230
4949
1547
1399
690
2350
3915
1386
502
1364
1861
3611
4742
286
2865
2183
2526
1145
871
2594
1799
3841
1169
1354
2096
1227
10
2115
4210
2636
2331
2570
1181
2646
1877
989
3010
1363
3351
3989
4115
4714
3958
3336
40
3604
684
3098
1338
2846
3303
542
2300
540
4925
4697
2321
1704
440
2289
3967
4835
1049
3758
3867
402
3161
2339
4866
3449
2025
175
1289
3274
465
2858
2139
1546
3048
3652
1126
2286
456
1665
91
1344
2815
4922
1251
385
927
2407
3195
1904
2802
1176
4827
2641
1445
1751
3244
1759
4015
1587
2343
1223
561
1010
501
1731
2653
4100
4762
4681
3566
2208
4622
3011
4749
721
1871
3250
4707
3349
3605
4146
4415
2991
1217
2983
1108
1218
2248
4054
3944
4761
1592
335
577
864
4024
4958
3828
1925
4192
3486
4645
2921
3345
3297
2327
4823
3474
2959
2953
3630
719
4343
203
1539
2071
4176
3730
2694
857
2466
4301
2969
4471
3977
2057
1160
2135
497
493
1873
735
1297
2765
4769
1604
1187
1562
4927
557
1356
2394
326
1463
4662
3026
1005
4393
574
4573
4962
3709
641
1474
2125
1488
2212
196
1032
4113
1621
145
800
1414
341
2899
4305
2838
368
2894
1608
3851
3151
1588
607
3601
2132
796
3756
3767
2232
3401
3629
3171
1968
2621
1537
4644
2650
1715
460
306
2661
250
1997
2649
1333
3729
4620
4341
4980
3675
752
2622
815
4886
575
2441
4802
4811
3120
1306
3854
3559
4001
3041
2455
412
4102
4031
948
4617
3079
506
1157
4649
2623
2435
1855
3413
4660
4200
177
2803
3288
1967
3421
4672
4556
1016
3871
3311
4525
4016
4340
1060
4059
4782
4050
4936
3114
3655
1270
1482
1973
3384
1942
468
1250
1556
2091
381
4274
4700
1819
4861
3227
4425
2965
1563
4140
2487
1574
3778
3355
1035
3692
4283
2205
1892
4792
3489
3059
4979
3505
22
700
467
393
4191
4747
1565
701
2370
4364
4245
3540
4641
3379
201
3350
4992
3539
2985
1510
270
361
3369
653
291
2781
3715
853
622
2767
2483
4289
2934
3574
1944
3146
452
1857
1155
2221
4160
1980
2488
2309
1168
1901
3083
2147
780
734
3648
3860
4847
4396
2980
430
75
723
2092
4563
678
4788
4412
9
2171
3162
4688
2340
2854
2312
147
3622
4126
3682
2420
4423
1824
263
874
2691
4481
2990
1457
4945
4206
744
4984
1844
1712
289
4513
4447
4132
775
817
254
782
1502
2855
3012
59
4780
1353
644
4101
1448
4942
1350
955
2136
4012
3194
1670
1175
88
3502
4995
415
4518
380
2356
459
3318
3606
3700
1426
4683
4456
2810
1995
3906
2335
2627
4410
704
4991
4168
1911
1854
1895
2315
523
3781
103
4703
1427
1261
1915
1053
324
1375
4220
433
2709
3209
2365
3896
1573
3713
4854
3819
104
2656
3842
1843
3280
1585
3817
1409
3593
3042
349
2902
3497
1792
3108
2704
1957
2258
3258
4549
3640
2718
4523
953
58
1419
2319
4204
2450
2329
424
1298
2672
2890
2947
3923
4736
3020
3939
3333
167
2876
3813
3968
124
1072
2905
1836
2374
789
1259
2499
2642
3305
4696
3528
2763
1816
3245
2730
3850
2836
2877
2817
112
4917
1693
3901
4575
2806
902
4441
262
2351
4786
4017
3832
4004
3310
778
599
954
1498
223
300
3858
3241
2731
406
2093
4069
4233
3072
2677
1776
1548
1358
2369
772
161
2448
1186
2974
4910
1708
3809
1288
3513
4242
2145
3447
2635
1273
3924
1418
249
4325
3597
3270
2083
1815
4684
298
516
2070
4136
3843
3006
255
2556
245
1080
70
4195
3726
1541
663
1014
462
4514
1894
2100
4508
3097
2893
3543
3178
1153
2517
589
2654
2387
4181
4159
3039
4011
623
293
583
1200
1924
1424
4527
3148
4315
1207
165
3732
4188
2018
3060
1170
269
3816
4931
1237
3917
706
3693
4825
1302
1870
2984
613
4453
3950
4073
3169
472
3286
754
4368
639
450
407
3840
1996
1438
1661
673
997
1293
3681
4643
1210
272
1084
3554
3186
2712
1570
2754
1433
3499
1094
1964
4676
2367
2624
1797
4228
4532
3137
4698
1483
4096
2896
367
4774
1148
3328
1719
1282
2586
612
3930
4675
2597
3908
3492
894
4729
3439
227
2805
983
4548
3293
2833
374
1026
2028
2757
4203
3920
1239
2419
2357
2016
3738
152
4537
3095
3455
3892
2011
3824
2240
4877
3193
3189
3879
3654
578
4436
2460
4755
2391
887
3271
416
1336
986
2780
2108
166
1431
3848
2169
1165
2373
1988
4539
1713
4579
2615
564
1397
2883
2390
109
1284
212
2734
4470
3320
3798
4357
4442
2726
625
2625
386
1479
3751
45
3773
4625
156
1253
408
3357
2701
1847
4607
659
1812
3112
1001
4810
447
686
2273
2997
3780
4333
1744
3880
4615
4034
2090
2307
2697
2037
604
545
1555
4371
538
1465
513
397
3160
213
736
687
410
2239
4582
4745
4384
852
504
3600
923
3836
1795
4038
18
1842
2388
649
4156
2421
41
2372
1299
2715
4611
1326
709
3313
318
1028
3256
4187
3496
3532
2244
515
1896
2581
2740
2473
3764
327
61
3273
1121
68
2776
4418
1757
1490
4226
2045
2640
4626
3563
1633
1262
1000
3398
2272
4908
4279
3734
4402
2068
4184
461
246
4444
1340
216
3643
1056
1009
4147
2674
3635
268
3247
784
2190
1442
3534
1686
1755
2807
1732
4999
3861
3441
3783
477
2684
3224
1235
4105
4205
2380
2403
1294
2630
4848
476
1584
1146
2264
891
3110
554
441
100
3862
4553
2935
4207
2535
3739
4489
3047
1366
469
905
4954
2444
73
1766
4139
1137
2359
1241
4650
3621
2881
1123
726
3687
2206
597
2520
3461
2222
4799
267
1969
155
987
2695
178
3663
233
4705
4824
