3982
3311
3158
3847
4520
2600
1509
2307
2060
1650
3525
501
4421
89
1252
2647
4767
178
4441
4451
4011
4796
3704
1638
4946
2826
1209
3412
4127
1180
486
4160
2313
4795
2830
4685
2911
23
2468
4559
2328
871
920
3362
4368
1556
4369
369
4258
1843
586
1435
255
3143
277
1706
3626
4063
266
3342
1017
3416
2329
4613
4908
2383
1492
2781
4553
2115
4704
3002
653
260
1692
2204
3963
2730
1424
3724
1860
3191
3975
1176
3516
449
1667
3393
1171
4995
1943
1153
18
2109
3570
2818
1493
2686
76
1540
4730
2223
3842
3791
4599
934
2770
592
629
624
1962
2031
2798
4764
35
3824
2355
139
2433
4590
3042
4095
4652
2909
4399
865
854
1453
60
4331
238
880
2727
4135
2323
2389
3751
3692
1983
3619
2863
4907
4798
2837
420
4294
3523
4755
279
1261
3044
1187
3848
1769
873
2465
3901
4260
3605
1226
779
1457
2189
4363
2210
2156
112
166
144
4978
377
1178
2576
569
1438
2827
2657
3446
3814
4534
4227
2518
1463
1284
1130
1794
1911
2309
719
3880
2516
1472
594
4375
2186
2076
913
4587
4404
117
2832
1828
4558
1322
3146
4295
319
1294
508
1523
4959
1720
3052
1195
2906
210
3507
2805
3994
249
4860
944
2703
2463
4888
3829
125
2813
2517
4604
2847
256
1026
1593
583
973
4196
1075
2881
922
3761
2118
3632
4971
2767
1995
878
4121
2325
1452
1039
2434
354
3343
1008
1986
220
1456
4673
3442
1115
1924
3624
2719
342
4248
682
2611
2135
2122
2527
3574
748
1699
549
4835
1974
309
3142
2505
1367
3514
512
2692
1359
4390
599
4184
1865
3921
1573
1596
3740
3207
3649
4684
1913
2326
130
847
1656
2747
3818
1818
1688
3850
3375
863
4840
4412
2420
903
1028
4906
1459
1934
3139
2256
2456
1642
3334
1002
2918
4792
3108
4676
1741
3727
276
4714
3314
2677
1873
1652
2300
4002
4885
1353
1747
2200
3822
4815
2761
3948
1412
1572
4297
3359
764
2776
190
3263
4351
4552
3502
1558
1274
2356
572
3841
3645
613
1565
1497
1958
312
2774
4023
3215
2756
2034
349
2566
3103
3973
2526
1674
69
4951
513
570
45
3584
2920
3358
696
3738
4004
3174
1752
3494
952
4713
3176
2249
3328
1426
3735
1089
3688
2699
791
25
3095
1973
4278
988
1167
4524
945
1639
1953
1923
3585
4204
4869
4147
3967
4999
544
788
639
3719
772
923
3165
1318
1889
859
1847
4904
3167
2525
2678
3785
1746
774
1527
4050
4279
3745
463
1233
3377
4727
1961
38
4602
4799
3099
2688
4732
2327
2493
3905
4561
867
3996
1603
3355
3367
207
638
4991
1640
1668
2158
1751
1249
77
2641
2172
3041
3949
3461
0
4038
3805
4192
1525
563
374
1004
2587
3711
3568
4347
194
755
3184
2214
436
2638
2149
3426
1885
415
1143
4168
777
2216
1738
3731
1903
4017
4080
1326
3398
2664
2687
4324
2187
4077
2914
66
550
4830
656
1819
332
1893
1341
3169
2358
2397
1635
4897
3193
743
2927
2681
56
3690
4438
1200
4408
3806
608
1520
3370
4580
2418
1246
1678
757
1114
4146
1886
1651
3308
173
2871
1048
1956
4458
488
1654
2436
2428
2938
226
3451
1595
976
2574
2057
4273
3242
4976
450
4811
1258
837
4371
4120
4102
3352
1721
4321
4322
4463
2905
1629
3417
2324
3132
4439
208
4416
4298
3674
3535
3508
4929
4062
990
4784
2381
2932
499
1544
4103
3356
3045
3779
3388
4592
4473
1454
265
3488
2068
848
2140
2944
143
1838
299
3157
4468
3247
163
4827
574
954
4751
1451
365
1286
2511
3556
4104
2185
3774
2390
2100
773
4064
4739
2081
3831
3601
4641
2500
1041
987
4994
4057
2181
2153
2649
2374
3164
747
3759
3177
4132
2368
4833
1604
4314
805
2263
2357
286
898
1768
4813
2184
1830
3652
4387
979
4859
1296
4706
2835
2445
739
1255
3661
3179
1350
2277
4126
8
596
4794
3032
2869
4337
1379
1728
4189
2485
3878
1778
661
1384
2969
206
3211
2419
304
1027
393
1079
4686
1588
3225
2384
2201
4678
789
3723
4379
3588
2723
1762
1590
1673
1852
1998
962
753
1825
3049
2785
4540
2548
2340
728
1947
326
1578
1144
3278
3205
4136
4395
675
846
1711
2080
4874
1107
3647
700
2594
648
2559
2458
996
1602
1419
514
214
4974
4997
3493
746
1400
105
1549
3606
4682
437
1512
3816
3325
2962
2444
3007
1827
2254
2994
643
392
4586
1626
3182
295
1436
4984
3923
3430
1575
3094
4810
2538
3777
3148
1621
1023
3326
978
1805
333
4805
2049
602
673
1993
909
762
4618
722
3293
3059
892
1790
3548
425
2225
1161
712
3530
1837
82
4938
677
476
4336
4967
1494
2287
2050
2262
2694
4933
2531
4887
3464
4656
1850
3943
2111
959
2088
3583
2696
331
3758
1902
2221
4567
179
492
663
2413
4506
4217
263
4243
828
2143
2388
419
1506
4892
396
2083
1513
827
4061
2416
1100
3521
3166
2314
589
1170
3955
4452
4765
2430
4826
853
3331
4849
3228
1474
4691
2004
3672
4060
68
4425
275
317
17
4848
2522
3545
2640
481
4692
4916
4638
3390
3670
1374
168
1844
336
3082
1812
721
975
794
4601
637
4301
4286
3304
1945
4721
1960
4053
406
3429
3330
3707
3273
4334
1787
2046
2260
4761
4058
668
1469
4237
4114
4123
3559
3151
1971
4621
3867
2019
4828
2410
2161
2190
611
1718
3411
974
3614
4912
4143
2885
2806
2987
4393
831
545
4195
1517
1868
2771
181
2884
2084
4932
1191
1399
459
3750
1966
3107
400
2066
3925
2746
1586
1177
4982
4350
478
1700
2896
1117
3126
3457
2622
1755
2904
12
3903
3537
1220
4083
3313
3589
4647
2199
3120
1069
3853
297
4310
3335
1147
2854
4471
729
495
2814
1487
3441
2193
3349
2883
3006
1685
4659
4199
4937
3888
1538
4219
3981
3067
203
965
2572
2563
3089
4070
4299
2364
4355
15
4495
1248
2457
3320
632
2279
2344
120
497
1547
4509
186
3008
4229
3038
223
4527
1784
4259
1201
2041
3183
1
447
1265
2573
547
1617
3549
2464
4557
4249
818
2537
2739
1521
4551
593
1607
2169
3697
3730
4241
714
3303
1501
605
122
227
3481
3554
96
1760
3053
4402
370
2101
1716
3360
3577
1773
2734
1383
4024
3480
1240
4514
185
1139
4547
3916
3830
4048
4323
4424
2712
2701
1842
3489
2027
3505
3995
4311
3737
2301
994
2363
1442
4500
866
4642
690
1637
3423
2549
3270
2408
2769
283
1303
4862
1325
4405
4680
950
1464
230
1954
3657
812
3427
2162
2974
2252
164
3136
4052
2894
1329
1132
2731
273
4808
1444
2194
939
1408
4674
2887
2040
666
19
4770
4242
1559
24
4122
4429
3868
2290
3743
1756
2544
4085
3827
1814
3635
2471
1298
1495
3315
2658
2173
4544
1070
3718
683
4109
1434
4401
3965
434
3687
3952
2299
4308
1479
1057
1876
1519
1904
1672
3575
3659
2271
2732
1782
6
1999
2459
3102
1900
654
3594
3515
566
4667
3289
686
4593
2603
215
4440
1789
3998
412
97
3748
3618
306
254
4384
1345
1068
4366
1583
3227
2724
717
3110
2671
2176
2968
4639
4056
46
4212
4022
47
3373
949
4571
3800
113
3509
151
2061
2873
2561
2071
4450
4335
59
575
4866
2581
3524
3065
3327
4502
1597
2780
2614
1466
1894
914
4464
1710
3641
3644
3767
4573
4276
560
271
4414
1034
3837
1863
4695
1702
3244
2822
3636
1257
1511
824
3150
3116
3043
4474
1473
4392
397
2597
42
716
1671
1713
2276
830
649
1098
4853
466
2868
4612
87
2934
4600
1641
3565
4709
302
3001
3504
4754
1985
3544
2360
469
2048
37
4619
2852
3529
3881
1879
3862
2930
4472
2238
573
4977
4841
1133
1336
3900
4140
698
579
4043
4426
3233
1035
1121
1918
3199
3201
733
2440
4078
4780
2288
1970
1253
93
4720
3029
2721
1418
3246
2133
3926
1792
3266
4617
1664
2218
4263
3857
4320
2547
571
1385
2332
1510
577
4816
2003
4987
4238
49
3210
835
1927
2689
174
3939
4040
3989
652
2924
4846
3976
1254
1887
1645
1460
2399
4342
3337
123
2029
79
4606
3449
4508
1309
95
687
1154
1021
2578
4687
3098
3701
2726
1396
1946
288
642
1899
1361
1857
3385
734
4134
4759
4857
1948
907
4594
2478
1734
2782
4503
3608
1446
3221
1708
1933
373
1430
280
4326
2386
4539
4328
3162
784
330
2336
3409
836
541
31
963
4486
3051
2670
2848
3592
1841
1677
4562
4041
1717
617
667
128
519
1214
1737
1223
4161
4957
4787
1312
2270
610
2935
2400
2047
4021
671
626
1278
2901
2862
1421
2245
248
2098
2297
247
4235
2976
3708
241
2063
4564
4325
2069
4410
897
2995
2967
4202
3267
3017
1005
2058
3345
2970
2077
1375
1831
1073
4448
856
2834
1245
2045
2452
2107
4807
1880
2714
2095
1043
2898
291
4433
3560
4935
3920
4850
2750
3068
2580
3655
121
224
4148
3936
421
2502
4435
3276
281
1045
1680
4455
2503
1355
2426
806
745
1135
2067
4603
4118
1080
2902
2431
814
3153
2853
4945
3491
631
2618
3754
212
2617
1848
2341
401
2843
4167
1193
1244
3855
1557
3622
1208
2880
4858
3563
171
2789
3956
801
966
3365
1338
2933
1411
4581
1416
4541
3061
1817
1655
2676
2810
3795
640
3617
62
2725
2759
4597
4789
4881
3064
4316
3646
902
3348
104
1311
334
4073
2473
4646
4536
1085
2342
383
1145
2704
1307
2037
557
2841
2322
485
175
532
2180
2085
3844
1256
4275
1744
1056
2674
3729
2900
3309
3339
3216
793
4268
1516
3919
1931
2557
1482
2645
3558
1095
3567
3961
4708
776
2675
4707
555
3284
1395
705
2786
4277
2811
504
1800
187
4655
2590
2126
2620
3037
3105
1624
1323
614
2893
1093
522
3080
3768
3144
4726
3653
553
1449
1729
4089
199
912
1467
3543
4381
2392
1230
1390
741
2129
1299
1916
1907
4239
991
470
1179
1447
3889
4958
1410
4264
2349
3081
2700
635
4870
3999
3667
2259
4947
2253
908
239
1683
2709
2507
531
4492
1659
3288
1120
2093
1816
1049
250
3473
3843
1500
3433
674
4461
3712
919
1777
1614
491
4724
4722
4157
2815
1534
1287
1576
604
4479
4128
1219
3386
1091
3662
457
1242
2960
4545
4443
4166
3693
1269
4329
416
4752
1609
1949
2519
556
3209
1646
2705
4222
2569
367
126
4962
1676
2652
2964
749
704
2570
3934
1835
1072
4806
3138
2284
1224
3713
3472
4285
4758
4144
4628
1067
4636
1767
665
3057
3469
102
1564
4620
2000
4420
3997
1749
877
2280
4528
1898
691
3458
3802
2792
3665
432
2435
4000
222
3190
2108
4831
3436
2955
4091
3249
4090
702
2567
3682
4110
3607
1290
3835
4543
3757
625
2870
43
4240
3466
1925
2105
4380
676
3902
4150
4734
4926
782
3775
1910
4158
4354
4182
1568
507
2131
2634
2385
1150
81
2595
4864
3872
2396
482
2387
539
1726
54
2621
2079
4032
956
612
1530
1129
1824
1693
3085
327
4418
3817
3654
4788
2565
1046
4968
3316
1897
3631
2582
895
1431
180
1774
3408
4950
2244
2489
355
3434
985
2568
2053
540
2449
2316
3669
1875
413
4086
984
1878
3113
4576
4303
4917
2128
2601
3555
850
1539
810
4019
246
3093
4397
842
197
1433
4936
868
3285
4028
145
3444
1197
3019
4669
2956
4206
2635
2024
4031
2415
4930
4131
2052
2454
1569
1975
3462
3974
4854
4226
1063
2215
2643
2787
1332
3499
1050
938
2925
1405
2023
4966
542
3908
2651
4193
4358
1938
1183
921
2082
713
1203
2272
1582
3710
843
305
1194
4879
4809
270
2206
2766
2258
3941
3300
4092
4071
2138
4494
1959
2631
4207
320
3239
4972
4230
787
4535
3018
4170
3909
3281
21
4743
4108
744
3034
2644
1788
3079
3864
2377
4111
357
2586
4453
1157
2639
1342
1813
3590
3839
662
2134
3566
4445
1081
2265
2908
1151
1862
1215
2654
4174
1349
1229
2972
4773
4403
692
3269
2554
703
849
3947
833
946
460
323
603
3371
509
1725
3232
529
2659
4644
3396
2042
2365
2722
4176
2936
3248
1225
2376
471
2020
1712
918
70
428
4034
709
4376
2951
4487
2091
2331
887
3944
1748
2979
3512
2992
4049
234
3220
3171
2469
2119
2864
3648
1185
1238
2662
630
4537
890
2293
2977
4749
2802
808
441
3511
998
1697
1630
3156
2666
1770
1846
2735
4413
1346
4531
3891
4411
1619
101
184
2296
1936
1131
3130
3760
124
3256
272
3854
4074
322
1025
3495
3347
4609
1508
811
2583
3764
3062
4790
2942
4129
4865
2915
4964
968
4630
4016
3938
1160
2788
1018
1780
503
3229
1977
2584
1060
3640
1319
3317
3447
2804
506
584
2642
4741
3128
153
536
678
1919
3048
2599
2275
2022
1587
4665
2235
3721
4417
3953
4584
829
2491
3987
4020
2773
2857
4697
1207
2414
3945
1722
4213
2512
4188
3808
3709
1566
34
4572
4677
953
3372
2230
1094
2130
1561
2039
2775
4980
4842
609
2751
2648
4068
2183
3440
4491
3218
4164
3172
2667
1047
4700
3838
2351
2506
3401
951
4556
4186
350
4364
2090
1550
4081
2996
4180
2018
4836
1724
2602
3865
3887
4481
4745
1821
4224
647
3970
644
1937
132
2874
3595
1330
3460
2443
2716
4383
581
1009
1687
3666
4867
3204
518
4560
1545
2650
4663
2890
3445
2106
3030
2178
2026
356
4400
2791
3912
4786
3231
2812
4829
1271
2197
170
4197
1149
1212
3363
3849
3471
2846
3340
3208
1016
3771
278
303
1832
1992
1944
659
982
4465
3793
2065
969
2157
3736
2510
1901
1939
1987
2424
1929
2999
2683
1199
3550
882
3840
4631
2219
4356
28
4574
165
4896
4261
2986
2125
4105
4871
735
3282
39
4648
3123
2495
4467
3024
4304
4319
568
2685
4818
3803
2470
1592
3573
4956
4832
16
3217
2541
2913
1536
1267
785
4915
4352
3875
191
4145
523
4130
1703
4760
3863
1851
452
3969
2304
1087
1982
2366
1872
3581
1543
1227
2132
2361
3904
2937
4878
1555
3161
554
823
4044
1666
158
4005
1785
4683
1541
4611
2016
2546
4523
2663
4346
3274
2303
4738
1707
2829
2707
2917
1417
4783
4006
372
1014
4941
2055
4327
3261
351
832
3684
3346
2497
4710
3522
2273
1552
1059
3425
4910
1537
2608
244
3145
3202
937
910
679
2007
381
2009
240
3874
4209
3196
2482
2637
1316
1019
3983
3413
2402
2405
3977
433
876
1562
63
236
1148
4668
1775
3597
4779
2882
1622
2720
2163
2626
4505
1808
2928
1169
4306
154
2742
3611
229
1044
1441
4315
3083
3625
2757
4504
2013
3513
3380
2521
1163
3917
202
1235
1337
3251
3290
427
3000
1657
742
4515
2403
455
3160
138
2989
1206
2803
2629
3726
2195
815
1125
3118
2623
3438
561
1764
4525
1691
3801
2501
44
4343
1351
699
1250
115
2919
2555
4774
3536
4519
4614
1932
3258
133
4149
3194
3163
3405
615
2312
439
3819
3633
3542
4699
4042
726
1906
4825
797
98
3031
3016
3492
4185
4510
3075
4844
454
1745
1306
1485
3918
4220
2320
4640
2481
257
822
1723
4251
1061
3732
3286
2438
3463
408
2966
4804
2668
3180
489
394
4033
3350
775
4293
2211
429
4845
379
622
1403
4851
287
3787
307
799
520
588
1111
3980
688
1042
3088
4884
324
3203
3572
1581
3966
458
1368
2556
2876
783
4776
4753
4119
1670
137
3725
2504
3615
3420
195
2959
1867
4353
4622
2486
4415
2451
404
4649
4511
3671
1735
3428
585
2749
891
3892
821
1155
1533
670
4998
395
3656
4361
1632
358
655
4723
3519
3579
2476
3804
4894
474
4456
4244
3475
3077
1376
817
1382
1051
4419
3245
387
3643
3686
106
371
2121
1031
2715
1188
2401
177
3353
2051
2142
3985
4214
3465
2096
473
3054
2075
1006
1343
932
1991
2542
3084
1839
2508
2513
4651
3717
1675
1996
155
4233
4911
2982
3096
4498
3506
1289
2509
731
2378
3271
258
2875
3746
1689
4015
1007
3272
1126
3596
2044
1279
2784
3322
1084
2308
2553
565
590
2672
2494
2636
2103
3318
580
4475
1386
3747
1896
3587
2367
3265
3784
4437
1321
4725
2318
2736
1743
4037
1488
3454
778
3776
4568
3459
1858
3470
4365
382
3527
1324
2222
1381
4154
1799
1984
3490
2520
422
3638
3178
1372
4265
4711
3860
2947
1823
3321
4942
3675
3946
2286
4300
2008
781
2298
1714
1750
1104
3886
3695
3063
4750
840
360
4650
345
2337
2064
4886
2450
4679
2795
4591
875
1065
4373
2946
1190
1315
4608
448
2697
980
4460
623
693
4133
792
4165
2713
515
337
1033
2552
597
3074
3476
1535
1964
1921
1978
1128
2706
1761
838
2762
2679
233
1251
2632
989
217
4746
3197
3957
3593
4434
4838
2783
3026
4855
4013
3403
4377
4009
84
3025
1888
3137
2429
3050
606
1478
2234
3722
2528
1681
4940
2220
2227
2729
2607
391
2532
4250
1174
2764
3135
2477
1682
4802
4282
4662
2207
2839
2306
4762
2165
4718
2353
1881
2710
790
1833
3058
4748
3010
3023
3046
252
3628
2997
879
2589
1356
2950
2797
4113
127
1499
3296
3612
4705
3222
71
2514
3477
558
1594
4469
1099
4625
3279
4262
2748
1660
2984
2412
2209
424
3280
1439
2653
1076
1458
3474
695
925
3418
995
641
443
219
29
2737
2160
2824
4291
4362
2078
1165
1811
689
1701
3954
534
1528
209
1173
4309
2646
435
4873
1612
1127
516
4960
4496
1786
813
2461
2488
3986
461
4922
3749
3111
1930
282
4082
1577
1522
1281
1796
2380
41
2606
3992
1719
3836
2213
2141
94
4880
2840
3147
4533
4482
1503
152
4094
4008
245
2492
751
2895
600
2816
1695
1123
2860
3528
4737
1106
2224
3344
2799
3988
2226
4822
3790
936
2534
2515
4610
651
2228
51
3187
4026
4961
2372
3383
4138
4001
442
4067
2150
3539
3765
4757
4430
2264
1803
2740
361
548
715
1618
4288
941
472
1380
218
1757
1032
4253
3534
20
2409
4478
335
2844
4333
904
2993
204
725
3397
3101
2097
4817
2038
339
1942
3237
2856
1331
4766
1579
3571
2609
1731
4719
3616
1727
4626
1905
960
4701
1806
4778
884
2369
3703
967
4330
475
3950
294
2907
111
3541
2655
3846
1763
2233
552
55
3262
2819
4607
1529
4115
546
2616
4549
496
1108
189
2490
4256
90
3812
4367
4877
4716
4953
1845
1628
3833
4595
3005
4200
1054
376
3368
4449
1420
3141
2393
2717
4457
3715
1029
4215
3431
1305
3876
551
4344
528
4271
1222
1409
3762
2002
7
3354
1112
723
1077
2867
338
88
2571
1313
1055
4247
75
3826
2983
2170
4093
2484
1142
4934
765
906
2030
4847
142
899
2794
141
940
3319
4585
169
697
3884
2564
1563
2177
2274
2087
1295
4629
2285
862
4882
4989
1344
3448
4698
116
3691
916
601
2453
738
2865
2346
2404
3305
4098
3250
2665
930
3613
517
498
2174
2487
107
4255
2926
1162
3312
1327
2447
3212
1082
1963
1083
1363
1820
3576
1560
3124
3678
2319
4893
3660
2120
2523
1297
3620
2588
4272
1013
3984
4522
4096
1166
1704
316
2196
3012
2695
1989
182
4898
3283
292
992
3399
390
1599
1119
2345
3637
660
1797
4923
3104
1036
1826
4702
2362
2661
3119
543
3600
1397
798
4183
3302
2889
1580
456
3140
972
2398
3479
3971
99
4406
1633
2167
1690
2006
2110
1088
3720
1239
352
1861
525
1365
694
538
1802
4245
2985
4246
11
620
3310
1684
710
1627
4542
2808
2836
1217
889
1062
750
4579
4623
1462
232
4216
2439
1940
3189
2406
2912
4661
453
1202
58
4689
3602
4221
1490
251
3366
4476
4555
1292
3700
1090
4018
321
4900
2168
4203
3238
4963
3578
4657
3213
3610
4538
4181
1504
2152
462
4470
3940
1429
2702
760
3852
1440
4187
758
3109
2899
1798
3400
4385
4079
4289
1793
1333
4883
3906
1475
2943
3404
3100
730
1092
2533
1990
2741
1776
2752
4312
1422
3357
149
2423
4733
1758
167
1141
1531
3468
645
3772
4736
3097
4800
1064
2562
231
4047
4575
1669
3960
2391
147
3820
2148
4029
4072
1502
4988
524
418
886
971
347
148
1779
409
2978
1574
2612
2524
1854
3531
3351
3484
2971
1268
4252
359
3086
80
3937
4349
4843
2427
4814
2879
1849
1853
4918
4446
1152
4175
3959
134
4928
1272
3181
267
3931
559
4307
423
3421
1401
1623
720
4428
1771
3683
3896
2539
2114
1448
1030
3078
3788
3243
4530
1589
3789
1809
4218
759
2144
3022
3564
3681
2205
1649
2
1486
3127
4769
4372
2535
2821
1205
2021
2448
1003
3809
3972
2575
3230
1074
3599
1686
3979
2963
4386
4139
1413
228
1740
3533
4742
193
636
4627
1571
2033
4516
3894
4914
2941
1980
1834
1113
1182
4615
2480
2182
1301
2154
2738
2294
4672
2241
4151
4116
2446
845
4045
4801
109
3823
3807
2203
3586
3913
2005
3766
3933
4012
4099
4267
3076
3384
3526
1232
3629
1895
1402
3391
4427
4899
1317
2136
4280
176
3897
108
4112
4234
4359
4645
119
205
4087
3968
3291
4570
4925
4863
1866
67
3883
3834
2579
1952
4205
2605
3223
855
22
3295
1584
65
1371
3294
1736
3035
4223
1210
4583
4793
1138
225
3552
1705
4675
3828
1526
3070
2878
2718
4231
1665
981
4513
2001
1052
915
487
479
3742
4269
1634
4688
2407
4948
1883
2596
4824
2633
1871
935
4396
977
52
2074
4398
4616
4159
103
3149
2807
807
1096
3714
4949
2333
13
2543
4442
3796
3598
3609
4965
844
2229
634
3728
4178
3306
900
718
146
1874
1335
2208
2817
942
285
4436
857
4983
4141
3510
4155
3036
1037
494
1783
2551
1518
2266
5
1373
129
4156
816
4605
3562
1864
2147
1428
2422
1136
883
1859
4861
4666
1407
3603
1742
73
2116
3254
289
3115
628
3173
4483
4007
1334
2217
993
2483
1302
2768
3851
2437
1001
2395
3951
4909
32
3253
2656
4903
3557
2831
924
4563
298
2800
928
242
4643
1134
1613
4634
3125
943
2624
4281
3003
2777
3292
786
4228
4781
4462
4485
1766
3540
4598
2755
4839
736
3259
3978
1892
2164
2250
2239
131
4763
451
341
1926
1455
2441
3845
4548
4152
1554
3013
2990
2828
1870
50
1679
33
159
3580
3206
4027
4348
162
3264
618
1164
1653
3275
1266
1917
483
3677
2975
1237
464
1300
4374
2268
3323
2010
2311
1969
3993
1015
957
3047
3859
378
2124
4340
4370
3486
1598
1105
530
2072
4518
3734
1795
3419
3885
3252
1260
2159
4036
4876
3437
2550
3496
2790
2089
296
1213
3392
2295
1291
388
3071
3547
769
1393
2779
9
669
4565
1908
3811
2585
83
1243
4740
2630
2191
1110
672
4341
3651
3422
4466
1102
616
2615
444
3663
1024
2949
3410
1733
796
385
4670
727
881
1696
3927
3781
1066
2850
1391
3168
4868
4954
2330
1477
4444
1320
1247
2613
4944
328
872
1524
2282
72
1216
3455
2335
4117
1146
1611
2496
1282
2432
344
2112
3990
3324
1432
562
983
4088
1890
2231
1489
3376
1228
221
3639
4582
621
3121
761
3338
1759
4834
4107
160
3680
1156
468
1481
4284
4852
2246
1498
2998
2092
2321
3014
3033
274
2373
4747
4317
2025
2127
795
2592
1468
1732
3235
493
3483
2858
2680
430
2536
3234
780
1957
3797
4059
200
36
1829
756
3452
3195
4653
2267
852
3129
2302
901
4837
4927
874
3456
1965
4890
4731
1648
4039
4274
2292
2910
2988
114
502
770
1360
1348
3769
1168
4735
1585
243
2733
1198
3226
235
3503
3869
2778
4198
2872
3650
417
2838
1994
4546
2940
4389
754
1103
3569
3866
4014
2371
2604
4729
4529
3895
3240
414
2104
1882
3858
4391
3932
150
3268
4550
4891
1570
3241
3175
4066
2660
92
4986
3133
30
1339
261
3664
3501
2627
3040
4920
4163
3716
2375
4569
4194
1781
2455
484
3439
964
3773
346
4292
3753
1275
1415
1118
3015
2123
591
1427
511
4712
1967
4305
4010
1328
268
1915
2155
4270
4480
3329
1109
4236
4290
1643
329
4578
363
1891
3117
3914
1192
2283
3453
809
325
1241
3551
490
3705
1608
1425
1264
1040
4225
192
2892
3870
4338
3744
4554
2338
1772
2801
2961
3591
564
1443
48
851
2744
4517
803
4943
1976
1354
4996
3224
1941
3402
4075
2745
2411
3942
262
4993
3879
2866
2248
1981
1951
2728
4432
3782
4191
140
1414
1236
2981
3424
3301
2442
861
2467
3188
3387
4101
3780
3073
724
2939
1636
269
3935
896
4532
1661
4162
1950
2952
3378
1388
2628
537
2247
1709
999
4507
1394
118
4775
2888
598
26
2359
4407
911
4566
2099
4654
1211
1591
1204
3255
527
3706
841
237
4791
1172
707
2472
211
3114
308
1398
368
3893
1532
2237
3185
929
4681
2931
1058
4100
1234
1347
4744
1804
3929
905
2281
2474
2948
3487
411
3821
3658
4051
767
510
1765
4664
2059
78
1822
1968
4901
3962
4526
4137
3159
4895
3553
1615
4637
1310
3467
4489
4694
353
4499
4254
4772
3364
314
10
2861
578
4106
3898
4979
4921
2462
607
2833
3930
1357
4345
3739
1869
100
3561
3532
467
2973
2094
183
2073
737
3134
4596
4055
926
4171
264
3090
3517
619
3623
3333
4422
1840
3783
2903
315
3907
4318
701
3219
4658
2394
820
4819
4497
1378
4785
3763
4635
1514
4756
3799
3298
1370
1616
2347
1470
340
2796
156
2708
4919
657
2754
3861
4924
3813
1022
3877
3634
4969
1137
595
4065
3299
2855
2682
1364
1625
1465
2179
1620
4169
61
407
4484
2560
311
4728
2991
3685
3414
2232
4283
1097
4409
4287
3915
2289
2257
293
1389
2479
2763
885
14
869
4955
2877
1263
4521
1471
3832
894
3794
2760
740
582
1020
3450
4190
1122
839
4501
1810
708
4717
3020
4153
4952
4003
172
1283
4624
402
2593
1406
2117
3699
1610
2591
4633
3087
3332
1553
2251
2669
1377
3011
2475
1476
2743
2015
3106
1988
399
633
2102
1186
3928
3186
646
4905
2240
948
3021
958
196
2202
732
3630
3381
3395
301
1491
86
3277
4777
3443
2291
4
1548
4797
366
1694
1078
1997
2086
3260
1461
1546
477
4913
1184
3092
768
3621
318
1116
3673
2765
2113
3415
2212
4211
161
2317
3069
398
711
4875
1979
1914
4589
4142
1920
2343
446
2175
4046
4179
2558
834
40
3642
947
4030
917
1507
2753
4488
3374
290
4872
4990
2921
2793
535
927
2315
4985
4339
2278
4715
4577
2070
1855
2929
2339
4939
2043
1276
4069
1053
3055
4889
2953
310
1935
348
4690
3482
2577
1011
2886
4823
1010
3964
2198
4054
201
2698
3236
2684
4313
3890
1387
2028
684
800
3546
2352
3028
1884
1221
1739
1000
1730
3066
1071
3798
2673
1304
1280
4768
1196
2957
1101
685
1159
819
1273
961
1270
650
3911
4357
3676
658
1542
2139
426
2891
2032
2772
2619
1288
3899
4931
3155
1877
403
3702
3582
1124
2054
4388
1423
4173
3778
2842
505
1308
2334
4821
864
4459
91
1369
2610
4454
1437
1754
2305
364
343
804
1807
4124
3668
216
2980
3696
1753
1285
4902
4360
1181
198
664
3072
1483
3432
1715
1445
1928
1663
2625
858
3389
259
4084
4097
2192
2382
1815
135
1450
1314
1600
4771
2188
1277
3520
3307
431
4394
4970
706
2851
2809
2965
110
3882
3786
955
2151
4973
2545
2897
931
3112
1505
870
4025
2849
4803
2056
825
4975
1496
4490
2499
4302
3
465
4232
986
64
1647
2014
1358
3382
4172
2425
440
2845
4332
3627
1392
3170
3091
2540
3214
4378
2145
3131
1912
3924
4266
1658
2348
3198
3755
2236
1158
3485
85
1218
1038
500
2466
384
763
284
3679
4201
3200
188
587
438
1698
445
2460
4382
766
4208
4588
3810
4076
3733
3922
933
136
2598
3991
4820
3341
3815
2421
3406
567
2825
681
533
2171
3497
2255
680
3741
1631
1922
1480
3379
4257
4423
3369
1404
2036
3498
1293
3538
2922
3435
4177
3910
389
1605
627
213
3958
4660
1231
2062
4671
1362
2137
4696
2242
521
2958
3770
3792
4703
1644
1551
3500
3394
771
1086
3873
576
2261
2693
313
1515
3478
1262
826
1175
4447
3407
3825
2820
2017
1909
1856
1662
3004
4431
2758
3154
4782
1606
3518
997
3027
300
1791
2370
405
3297
2310
4693
3257
893
2711
2417
1352
752
4992
3698
4512
2011
27
1836
3060
2243
386
3122
888
4210
3361
3287
1955
253
3694
2945
4035
2350
3336
2529
2859
970
4981
2166
3856
380
74
1366
3192
2823
2146
3689
526
4477
2954
3756
1601
2530
3604
3871
1484
480
3056
1259
53
2012
3039
2354
4125
4856
410
1972
3009
2269
4632
57
802
1567
2916
4812
2690
157
1012
2035
860
4493
3752
375
1189
362
2498
1140
1801
1340
4296
2691
3152
2923
2379
