1413
4089
2238
1913
2953
1922
1334
4073
4855
4970
4339
3488
551
2099
4163
4729
4982
4298
2048
3313
405
1443
3121
950
64
2046
1460
4384
3232
1794
1290
3292
2937
1403
4901
83
1496
399
4399
3592
275
3062
1455
648
9
1130
21
2689
3635
3943
610
2959
3423
1124
2037
4045
3405
4486
437
1441
3873
4801
4571
4647
698
2033
3986
2049
3359
2295
1680
590
858
471
4078
4920
1744
190
2794
4070
637
1315
710
825
4719
2723
3221
2122
3579
2989
3529
940
3837
2838
2729
1775
2160
800
3145
763
1557
4478
4341
1029
290
94
4494
2732
2003
4510
1884
3679
672
4055
234
2257
4389
3526
1369
1665
2134
3254
2756
1540
4544
4170
3792
795
1281
3123
2218
918
4039
1082
3961
4263
2648
3835
2536
895
3881
785
995
1975
996
581
3585
1345
4577
4886
4150
2225
627
3714
4355
4766
3827
1718
4268
2851
2464
3295
2583
4460
3728
4499
4047
3354
3609
4195
179
4117
4727
3568
1805
3563
4852
1240
3657
1250
4015
4603
2149
3483
900
4040
1704
3926
799
945
285
4406
2847
1952
735
1474
4648
3428
3798
1808
4688
98
2496
1476
4237
3303
4713
2355
4356
4244
1102
1651
284
1700
1425
2405
1012
2531
3503
2031
3941
1637
477
4853
1849
1705
239
842
3150
130
2926
3395
2618
4952
4054
1397
973
2537
2128
2446
1560
3172
457
2899
2584
4245
561
4175
3588
358
1054
4269
22
101
3092
798
3271
4840
4080
3623
2060
629
847
1136
1454
319
4204
1934
4640
521
3618
489
1944
2565
1679
2089
193
1323
2333
3719
2487
727
2541
967
2454
2325
3136
2039
1033
2982
4252
2995
4153
4762
1709
2779
1687
160
2341
4227
4670
2676
4290
2276
892
3120
2173
1585
3642
2866
1388
207
3459
953
3173
4567
3904
362
2100
370
4711
3757
2433
4725
4474
2098
373
4192
3603
530
4814
2426
2878
2126
1158
4230
283
2320
4003
3302
3628
2502
1118
4994
1340
1656
4621
4454
2255
2154
736
3983
528
1411
3170
3445
3355
2514
2435
2110
3649
4882
2915
4421
482
3891
1593
2252
2512
4064
1489
4259
3575
3638
2119
1895
313
1236
941
4242
2574
1885
2177
2527
3746
1889
372
3338
4522
904
4924
327
3933
1969
837
1635
872
1207
3072
386
857
3896
11
3298
612
3947
3444
2400
1562
4285
1436
1872
3523
3263
2957
2117
4906
1914
4892
638
2522
2810
2868
4527
1432
1482
2841
2507
1553
609
3331
374
3433
4138
4540
1068
276
2484
1061
2807
2445
690
4686
970
3125
4091
2469
1169
3887
1058
1185
666
2245
2935
355
377
3340
1478
2109
2367
2849
4357
3498
3598
2398
3195
618
3952
1977
281
3546
3109
2971
4861
3296
2760
4430
1861
2890
63
3231
1398
4818
4525
1901
4989
3735
827
898
3074
3442
3183
1330
538
1378
2240
3485
3680
4932
1662
4787
3763
3000
1308
4513
4029
1626
2929
1761
4471
3008
1144
3849
4870
3430
2044
625
2852
1986
2547
1715
2667
1653
4487
651
4304
4219
3869
3895
1305
2519
149
3820
3505
831
1000
3349
1134
4151
1888
2459
2058
2196
138
2621
454
3908
2032
3572
1380
2316
4063
316
4191
1199
3030
4556
1217
1719
1365
4038
3794
781
1988
2999
1386
4902
571
4976
3652
2278
2106
106
689
2968
1643
2113
1892
246
249
2557
761
429
2302
4190
1803
4980
4282
53
3246
1182
1409
50
4459
4786
888
1530
3931
3882
2143
4759
2550
3562
4663
883
4370
4155
4891
2328
3607
2777
850
3052
4202
2115
1374
554
3750
4143
3841
476
4036
2175
2870
447
4933
3277
1459
2649
493
909
1676
1747
2627
1261
1190
3107
1802
3637
131
1015
1034
2300
3489
2211
3083
1577
773
757
1531
1538
1314
4934
1642
1211
1950
2520
743
4921
1113
3640
2802
4642
4784
2380
1979
3738
4331
2856
1256
1324
1663
2441
3778
853
3496
3264
907
1612
1876
4314
2715
1881
256
1655
659
4065
1973
1878
4697
4774
2708
829
154
3781
3393
1840
1793
2787
47
527
3917
1608
3584
165
4593
1107
2407
2659
3001
2192
2226
51
251
3665
2254
2038
2612
4417
4411
3648
2818
1089
3694
2943
2220
1108
2217
2805
4016
863
3267
3755
2345
4374
4652
2635
3117
4381
3517
3582
119
1850
3949
4196
3729
238
876
1931
92
436
124
2301
3419
1232
2176
3042
2675
2248
1552
1571
974
2904
3779
4869
4296
3449
1059
224
4420
4104
2933
3818
715
230
1778
1686
107
2791
2758
206
1740
2086
1725
44
2843
317
3417
4318
3544
4779
4978
2737
258
568
4813
2051
1137
3821
15
1604
1352
1042
1958
4679
2629
1821
3058
3098
1235
1783
603
3951
4135
1080
3611
3593
3554
2470
1257
1187
2521
2466
1543
1868
1547
2871
2922
189
805
2832
623
699
4408
2591
76
2740
4863
4960
2534
4509
4081
3253
955
3495
1241
432
3011
199
1968
4445
382
1923
4409
1777
709
1215
171
2718
262
957
2268
4631
3569
4281
143
1674
4011
790
692
2035
3797
1266
998
2634
3727
2076
4057
841
1764
4755
1426
4859
4664
1510
2186
576
579
1473
3624
3068
3140
4533
2394
4328
943
3100
3178
2950
1857
2946
3213
1
4130
3435
3314
796
2897
3164
2582
739
1825
1408
2467
4712
3381
17
4019
2440
3759
3838
4179
4817
1619
1259
3425
470
3616
3533
4113
2270
1921
3205
4580
1632
3914
4673
4962
711
3703
4810
2360
3046
3156
125
4128
3991
4449
212
2352
926
3808
840
1906
3190
2042
2637
1994
762
4907
547
1757
2366
2898
993
4735
2317
4581
1763
1431
4490
2212
4606
4971
4644
4566
1243
1933
4232
1278
2610
3135
4348
4187
2479
62
718
4438
360
1524
4312
1517
4879
2185
2233
3578
2436
3077
2652
3479
2640
3783
792
4715
1970
2748
3469
1668
3811
4987
1103
2855
1844
585
1583
1508
856
4585
1050
2070
4327
654
3999
1981
277
4988
1306
1389
204
1363
2078
1907
3154
3710
4777
4386
3639
1569
1526
444
2793
3465
1513
868
3363
2931
680
197
503
575
1269
3761
866
3281
2631
3715
1576
4800
2298
2551
2688
1728
3976
3730
4872
4889
4844
1212
981
2429
3815
4121
34
3601
428
2532
578
3256
2881
1083
4131
3127
3060
3706
1132
3751
1734
446
3510
512
4330
4274
4310
3285
2082
2938
3674
4913
184
2503
1555
3589
3899
3786
3061
2101
3905
642
111
3049
4896
1854
1020
1070
2420
807
2458
3057
3270
4633
660
3972
2939
4261
2714
932
4945
2034
1161
658
1669
880
3337
2401
4224
3871
2733
191
4565
479
2977
2991
2919
2368
921
3855
3848
2773
2091
553
4253
801
3586
1153
2202
4434
4198
2614
3323
418
2505
4847
1721
817
1265
3365
4512
1990
3699
4212
3099
1244
3379
1855
4539
3645
1126
896
510
4140
478
326
2853
35
1503
3462
3631
917
4023
1209
4620
1702
2984
2598
1320
3332
587
3557
1920
4351
2572
4747
506
468
2384
3078
3091
2390
2075
4488
961
4419
4188
806
2269
3128
1877
1742
3446
2719
3688
233
1957
1246
1664
2996
2026
1272
3877
2906
1239
1123
3126
2545
4944
4046
2998
2282
3334
2768
2181
2724
500
3076
4928
1515
2809
2047
745
1495
3532
1699
645
2712
90
632
4009
4739
984
2642
3629
3461
1645
4217
89
1671
3863
3141
2920
4816
3026
4388
4599
3615
4441
684
1088
600
3187
267
213
1462
3989
2284
3241
4049
905
1125
2452
2148
683
3883
2304
2396
2061
4837
3664
356
214
808
2094
1788
1122
697
4518
2229
3790
3915
3497
4223
1196
4178
4440
1210
337
2749
1829
4293
2554
1038
2307
1910
1183
2280
4584
2814
702
2901
3555
328
3321
2960
3384
1203
4288
369
1972
4696
4963
2861
624
4965
1204
4515
2271
724
4521
3236
4344
597
3075
2930
4578
4613
4256
3669
3605
2650
4615
467
4990
3175
4354
2504
334
2638
4763
3348
2214
1016
4306
1273
691
1055
3758
1537
4594
4020
4632
3675
155
4888
1291
4854
3828
2836
1535
4523
3275
2907
4590
1762
3500
1891
1959
174
2310
928
1693
4323
4501
4941
3350
2716
2751
1563
2923
2083
4338
986
3163
939
3310
1375
443
2575
2644
3443
3566
1428
3493
4736
2296
4588
2151
4084
3006
1255
1518
2183
1862
1614
4549
777
924
3035
173
4148
4589
4587
3862
2023
3724
1294
3872
3266
1390
2600
4706
351
2608
3396
3753
2813
589
263
1342
1499
178
1824
3927
1820
4681
1807
3404
2443
2369
4582
2052
1311
4491
4483
1405
3169
2877
325
3970
4213
296
29
1282
2745
560
37
2604
4502
1945
2555
4068
2539
4184
2243
3671
2399
1275
4433
393
3647
1696
2002
3723
18
229
1751
4797
1488
3226
2803
2780
1358
3925
2489
673
4218
4612
818
2875
615
1458
1128
1724
161
3403
1781
4839
321
4701
647
983
259
3155
4241
1692
649
2695
1575
1298
1195
4414
4026
1064
3752
1184
3110
2187
1362
3374
1177
1299
1971
2651
3742
1349
3219
3432
2111
2009
1477
1231
4760
486
4503
3401
630
2776
3542
2406
4034
4095
1746
1377
719
2569
192
997
3646
508
2482
2244
1636
3174
4346
948
105
2273
4680
516
4387
4833
1410
884
1683
86
4676
3508
2668
3138
4469
2900
3608
3712
3104
949
2912
3506
844
3985
791
1587
1021
2321
114
4340
4671
1156
925
4937
2451
3574
2066
1198
4569
1992
1485
3458
1646
959
4182
1670
1142
652
3992
2
769
4867
1650
4018
1644
3812
3047
3360
2770
3124
4083
4008
1528
2927
3627
2656
2902
4405
359
661
419
1074
1467
2125
3804
4349
1871
4780
2494
1011
4895
2844
2834
4542
1759
312
4516
1111
4742
3734
4424
1813
1480
1060
879
1370
1502
1835
1613
2764
3197
1949
4536
3470
3069
1023
163
2765
1085
2191
2696
2997
3344
2329
2351
4472
1647
1076
3101
4177
3418
3718
3441
4247
421
2488
2850
2305
1044
2347
1574
1117
1697
1688
4555
877
1754
3975
3004
1036
1768
4468
1733
1695
1313
1163
3185
4662
1720
2628
4765
3950
4031
166
1590
121
2144
2001
1419
3879
2892
3772
3558
1494
2769
2980
2563
513
2690
2281
3527
1564
132
2210
4835
3378
4562
1691
504
1955
1490
4059
742
392
537
962
4862
3342
4176
963
1347
3391
2921
3341
475
315
1703
811
3705
310
2762
2643
1155
3201
1800
301
1539
2434
235
573
459
767
4792
1138
3636
2840
3823
813
2679
4149
4745
1178
367
3501
2697
133
1899
287
4812
1581
3265
3402
3865
481
3978
2339
254
303
2833
4535
1127
4916
4947
4367
4450
2988
1296
3549
2059
4005
379
3622
403
3186
4848
2501
3583
466
1394
3362
541
812
1554
2936
2294
4303
4519
965
1446
3250
88
3803
2911
1406
4559
273
2213
1022
2017
4001
882
1412
3771
4553
2616
248
2068
3194
3064
293
4379
776
4723
1461
2387
4600
2022
2000
4086
4074
2994
3260
2857
1100
3668
264
137
4964
4061
1214
4857
922
4255
2654
4302
1350
1457
951
1580
565
679
4607
1505
4974
472
3160
4717
572
1929
33
3210
911
741
2146
1852
865
2250
4975
4144
253
3866
712
4006
2530
1673
2262
2116
4775
775
750
4067
4030
304
4790
7
2377
2157
4162
1468
4707
1948
828
4614
1911
243
3682
4758
2738
2761
3293
954
87
4044
3352
2731
48
2799
4342
3132
1606
1708
1382
4075
3964
2071
826
4683
2579
1229
2663
3920
2389
1162
3717
1558
2088
3471
2097
2193
2383
4371
1595
4301
307
3581
4033
1037
2453
855
3386
656
3785
517
3143
1770
4752
1633
3892
2785
4211
1292
2053
4996
1960
2228
789
4415
117
4200
3273
3481
1283
2239
1745
4564
2686
3043
352
4319
1141
2093
1030
4741
4951
2283
723
4720
1930
2107
4435
2702
4493
4097
2490
2763
3683
449
3196
1796
2448
4125
2925
394
3039
849
4032
1765
3962
4950
3276
2395
4444
2669
484
1678
4056
1062
3247
1894
594
3002
2540
580
2592
1953
2027
1932
441
1150
3412
2862
2983
216
2992
557
2835
265
2015
4156
4257
3474
3413
2700
2483
3617
1689
1605
3282
3455
3805
2674
2722
3690
4313
920
2788
487
4352
3318
3009
3167
4300
935
3597
4027
3080
453
3625
2580
4336
4623
3118
147
4650
1167
3059
4956
96
4591
298
3400
4167
563
80
3519
2159
2074
640
1072
4821
1883
2081
272
1842
3105
4668
1090
26
4134
2055
2315
764
2613
3090
2381
1851
591
4485
1739
483
1737
4659
3707
2291
3659
1303
2350
706
4390
1285
990
3776
2746
3166
452
366
1652
242
4473
3944
3726
4458
2707
4557
380
4795
1832
3969
1145
241
999
4704
3044
1216
4601
3939
4172
2742
4968
2782
4272
3193
1848
1295
1570
1561
4099
1666
1093
1749
2955
3698
4922
919
3220
626
1786
3954
772
1621
714
4685
4897
1956
3346
3257
1905
3971
103
2619
3460
2947
1249
2334
1066
3294
4317
1798
3114
3567
4531
3874
3436
2562
4335
3288
250
295
4576
4013
2197
3262
340
1806
674
867
3784
2734
141
1497
240
1384
4382
1685
501
1221
365
1551
1873
1302
2743
65
3643
3599
4021
694
3066
153
1925
2874
2030
3032
4267
297
3910
1329
2632
4273
4538
3559
170
511
4690
786
4903
1989
4085
3093
586
4139
1287
4618
845
2431
2524
1677
2665
3850
2344
2869
3695
2774
927
2839
3826
4160
1361
4239
4546
760
3819
1101
3015
2195
4674
2752
2928
78
534
4983
1818
4917
1251
4722
4608
2288
2090
1481
1568
4749
3286
2313
3371
3769
3525
28
4090
2800
902
2602
2886
4694
1567
417
3806
2403
387
861
2630
3556
217
3550
650
4884
2419
1152
4887
1307
4221
1767
2736
4320
2092
2956
2685
901
4185
2318
2704
3651
2132
4611
1331
2432
3217
3390
4912
100
3102
1714
622
3463
3329
2208
3689
2979
1310
1938
2720
2511
3345
4993
3514
746
771
3475
4654
4710
4665
1343
1991
469
1191
4560
2987
913
2391
2759
3509
480
4997
994
61
546
4481
2462
10
8
1143
2411
3692
1962
3237
542
3434
2138
2199
2682
4432
1801
57
2542
3518
1447
4669
2297
2265
228
3967
3702
182
1542
3182
252
3898
4118
1094
181
451
3524
4114
4096
536
1245
279
2879
3018
577
783
1903
620
3191
1148
2683
23
1847
4998
4159
4206
1206
3538
1631
2140
4793
4992
4986
1120
3453
885
4497
3065
2783
1582
931
3096
958
3955
860
1601
381
1173
2966
3513
3022
701
1238
1026
1785
2456
816
1586
208
4258
215
2499
3230
1579
4700
495
3766
1879
221
77
3921
3974
274
1466
3466
4377
350
2024
4843
1624
4498
519
2050
3437
3243
3979
1404
1947
4574
3023
3034
3801
621
3063
1179
4069
1572
4022
3322
4609
4489
426
1280
4918
4264
3922
4622
1787
1629
3037
3012
3531
2417
4316
1312
4881
1248
1902
4345
524
2402
4961
52
582
333
518
2655
1755
2152
2941
3315
2235
2801
535
2622
36
2010
2421
4728
4103
3936
502
2342
363
4431
2363
2561
210
3252
1519
1449
4428
332
1028
987
3388
934
402
175
3308
2889
2757
2114
3017
3765
1634
3676
3511
3177
1766
413
4545
4142
4678
465
3754
2687
2823
1545
3119
1383
4714
4605
982
862
1869
4732
1151
3087
1591
1263
2139
4764
4115
226
3422
110
3988
112
4209
4966
268
2589
4129
4550
3324
923
3932
1415
2529
526
3930
3176
4427
2312
4180
1758
4572
1828
644
2253
4439
3233
1114
788
669
2910
505
540
3788
668
1186
3744
3831
1915
3816
4754
2095
3179
1456
2824
271
1790
4307
2974
4788
4893
3573
3144
1110
2624
814
180
778
433
2349
349
3909
1916
2967
4743
4295
3468
802
2289
3817
3299
838
4807
218
3655
1264
4730
120
707
731
2264
3736
1049
3672
2382
4265
4375
4166
1738
4940
3834
4220
3200
3229
4627
4899
1985
4383
152
4534
300
695
787
1069
3512
556
3673
3484
4072
3317
4507
1271
2826
2067
830
4957
2480
4248
84
4
1550
3590
219
14
3218
2581
3773
2587
183
4197
592
45
2105
1139
1007
2184
201
185
1512
4876
2359
2948
2166
1859
2880
4526
2335
148
2730
1732
3085
1301
869
1867
4407
744
1439
552
4343
3612
4321
2215
71
2796
3996
2021
1698
3029
4495
2135
4981
3587
4168
3021
2474
2249
2422
294
3447
1753
1344
4228
3353
4289
4412
599
46
566
1006
4012
2463
685
2703
686
1993
2306
1270
4326
2004
31
1355
4082
4958
1452
2981
1946
3372
4979
1001
3429
944
3287
3438
3411
1598
4132
1339
3369
3457
205
4123
1416
3666
3663
401
2588
539
3621
3153
1976
2525
3748
3641
2778
3426
2251
1165
664
4373
324
1010
4208
1995
425
67
4532
3053
634
3654
1974
3048
4051
4904
4418
4105
4819
227
3199
4832
2827
2917
4561
1954
4250
4017
1337
1351
4465
4610
4396
396
4851
3036
1112
3385
4724
4995
2726
1701
348
507
4595
1437
1860
434
4260
4141
2549
1279
2324
4446
3543
1328
1427
1463
6
140
2373
2564
3893
73
912
3774
1827
1056
2645
2168
231
614
4007
3016
4856
4050
4691
422
4334
4875
3398
1521
1359
278
2854
3486
2893
3537
3112
3082
4464
3984
2476
1224
4661
4931
3570
1017
4506
810
3535
1729
3122
82
2641
4111
2711
2750
2535
2605
2735
740
1837
4240
1815
2308
4898
4629
1863
2084
4604
3095
4910
1422
2577
32
1051
1706
2163
4101
653
1941
1504
708
4660
4353
2578
431
407
4953
498
4392
3161
3184
550
291
4365
4094
833
903
3208
314
1366
200
3086
1438
1748
2963
2867
376
1918
412
1360
3876
1237
1133
1396
2040
1046
2819
4364
3297
4939
3238
2789
670
4010
1225
4234
1536
3228
2949
2145
1730
1040
4058
952
1602
2473
27
4124
509
142
1430
4864
1898
1858
3716
4480
4684
2006
1325
1171
971
3912
2442
237
2234
3565
1625
4292
754
4060
1774
2014
2698
1318
3973
4186
3203
3261
4066
2491
4871
2609
2882
4395
66
4452
1479
1475
4102
3889
3216
1109
3131
2741
1333
2623
3894
135
1319
2932
4651
3010
2969
3248
4925
3897
4214
2121
2848
1450
2018
2461
2161
4750
2908
2221
2465
3861
3097
4362
1297
3279
4643
874
4504
1882
2104
2717
4914
2744
2423
4820
1451
4203
4193
4062
2626
406
2156
1146
4552
4543
1943
4698
977
3492
1597
4772
2945
3740
3368
910
3319
1886
549
4645
3802
4858
448
1129
3073
3151
2206
474
4823
3924
2830
3632
2309
139
1099
2528
136
1274
2710
1573
4923
4425
4586
1501
3813
3472
1736
3907
4637
344
3913
843
570
3272
4226
4249
3780
269
2571
520
400
2332
3902
4173
4077
1234
2087
2671
3857
1609
859
4505
3995
574
4768
2625
1247
4946
4756
4850
2509
3667
1773
2007
128
3520
3919
4935
2510
1525
1444
2820
758
2739
611
463
1025
3240
3311
824
2123
1534
3407
2136
3357
113
2709
1559
1927
1506
1004
1104
782
3836
1856
3528
266
1368
3560
2209
1332
1417
1726
390
2883
404
3133
1087
3305
196
4751
759
2705
1445
157
4157
3189
2188
728
40
1057
146
768
4658
4798
1507
4740
2798
236
2172
414
3613
4014
2340
3711
4702
2080
69
4443
4276
960
756
4656
4222
1276
2699
320
2227
891
3347
4919
753
397
4878
4325
2418
956
3833
1065
747
3521
836
4271
2952
633
427
2790
3810
544
985
2633
118
2934
1795
4207
3980
3162
2286
4093
4496
3235
1175
1400
2438
3756
929
4004
3704
1399
3358
2680
2754
1667
3928
809
2013
4423
2439
4803
1659
3336
2292
2263
156
1584
24
1219
3830
1469
1964
3157
1896
3278
4655
3799
2141
3014
848
2829
1822
2517
1434
1864
1157
438
3490
1174
4324
460
1192
3541
3832
2242
3547
3708
2951
3113
2025
338
4785
2845
2518
2576
2905
832
820
4286
2472
2327
3289
4551
1402
675
3948
2543
4309
4761
2753
1983
4229
3227
430
3392
3339
1205
3737
3847
2556
938
1616
3307
1893
3448
1193
748
3192
3604
339
2137
1391
606
3056
1611
3957
1423
3968
1223
4201
3387
336
3041
4410
822
4753
1372
968
1548
4476
4687
1035
4667
2247
1833
25
4517
1967
4385
3149
3351
2012
2515
2990
4948
3209
3548
3700
4949
2277
1135
3534
1019
2322
2797
306
408
3770
4337
2887
4451
4860
1420
3333
562
835
1045
1999
3084
3212
4573
1939
914
588
2133
2279
3782
4583
491
354
144
3610
2169
1784
2523
2319
899
3244
420
4641
2492
2728
4969
548
353
2343
2150
4088
3685
2130
3306
58
3990
4477
2662
779
1159
2118
4122
3366
4528
1549
1772
4482
2894
1470
1546
389
2065
2860
3
738
1189
1741
4243
980
458
176
4442
126
2896
4453
2267
3626
2077
1630
3450
770
1356
4000
2755
616
1242
2586
3207
2237
3291
3415
3147
85
2495
4757
1516
391
2362
3300
2775
4558
2102
1620
4189
2375
4873
4048
442
329
494
2005
2713
2241
1523
211
3551
3255
1260
2468
846
1300
1707
2069
1603
4866
4359
4808
198
4865
4806
2016
1657
1917
292
1743
4737
4708
755
3661
4626
2924
1149
766
2508
4154
2450
4120
2412
2961
1373
3424
3687
1197
464
4251
3309
4098
3684
4053
1638
2478
2232
2056
4602
4347
2681
4376
889
1309
2449
4360
2231
3634
1253
2376
749
1522
1268
2261
384
3829
3656
2378
4037
873
4874
3028
681
3142
3966
3725
2477
1338
1533
1880
852
2891
261
4769
3040
2410
2236
4653
3089
1566
4216
4277
3749
1188
3653
30
286
3693
601
4437
2385
4836
499
244
2985
3958
1639
2147
3103
1565
3691
3478
2415
2781
916
2725
4462
282
1997
598
1912
2970
2062
2303
2428
4461
1900
3658
4967
1978
3377
1937
1077
870
3839
335
3476
2831
3824
1367
1722
3206
3860
2108
245
3456
496
4938
3280
2812
676
308
2808
2020
1226
4436
1336
596
732
1341
2721
2408
4235
1711
815
1841
4630
1230
3431
4025
3251
3594
2678
4254
4380
1897
4297
2314
2558
4991
2028
1839
79
737
2606
3953
3890
2330
893
4570
2356
3420
1106
3662
378
2457
1286
3940
543
2427
1965
555
4802
2203
1750
3364
1086
1712
1830
3301
751
3024
2207
2036
1622
2954
3553
1599
4900
1464
636
1541
1735
3630
2666
3108
2120
99
3464
4322
1756
4225
1008
2670
4147
59
839
309
1810
4333
3054
671
435
2767
4915
1095
2916
908
2986
3504
834
1357
2694
567
851
398
726
1870
1984
605
3942
1520
2538
134
3214
4666
4828
734
4827
3019
4378
2045
942
1675
3335
4126
991
305
3800
3844
2792
1811
1289
1052
311
3938
1487
3791
3467
2266
3130
91
915
4233
569
2164
2346
4368
1084
3846
1346
2903
2043
3842
2386
3325
3963
2162
1627
906
3373
1433
3115
2615
3013
2246
2493
1442
4508
3416
3482
4624
3116
531
1831
19
3959
2607
4634
4616
545
3502
1980
2370
725
4930
168
515
2597
1228
1617
1435
992
4824
713
4266
4675
3380
4672
2011
1809
3539
2590
635
4194
1834
2293
1797
56
3852
2811
4283
4782
186
2258
2336
1258
1039
894
3809
1904
1202
450
1027
440
3168
257
4358
4311
1532
1556
1304
693
2194
4815
2568
4457
1041
4682
705
4977
222
122
1075
388
3987
3814
2158
2842
3215
2285
461
3994
886
109
3998
70
969
4393
1073
1096
4394
1928
3204
1846
20
1866
3033
3888
4984
2311
4332
4809
966
4890
2965
54
3867
2008
3408
1213
804
4262
2299
1421
2909
1053
678
1908
2993
4748
2198
595
4926
2486
16
3258
3274
3561
255
4284
2858
2771
3020
4929
2171
4429
3545
1799
4773
2817
4646
2444
195
42
1769
60
220
177
93
1771
3494
3516
1498
687
2372
4350
2413
593
4845
3929
887
4805
1147
4137
2371
4294
677
1594
322
3367
3031
2103
3376
3361
371
4597
4391
4042
1254
2073
4076
881
2331
2425
1804
1509
2205
4511
115
3677
4291
1909
4161
2646
3129
1780
4619
975
2404
1353
946
2414
4781
797
3884
4366
3158
4398
3731
4799
385
3965
1401
3900
1172
3552
345
3328
1364
4456
3081
4275
1098
4846
2772
1717
2272
4413
1220
4829
2129
3343
4520
2806
2447
3916
1316
3775
280
4484
55
410
4169
3934
3027
3410
2601
1682
2620
361
127
2358
1890
2548
722
819
2560
2706
1936
409
2701
3477
619
631
4403
4404
2876
2585
1418
4689
3139
2639
4927
330
3956
4834
2460
3858
1222
765
3885
4315
3259
4716
3327
4693
5
3760
4936
3768
3239
1710
3864
1491
774
3767
4400
607
3284
3787
4372
4943
97
4092
3515
2029
4246
4825
1002
4733
583
2727
1031
3383
1628
3454
3152
318
2636
1091
3487
2500
1942
4447
4524
2167
1043
4883
2672
1596
2972
2611
2290
1588
456
878
3937
2552
123
2201
49
2323
3600
696
4657
794
525
1121
1293
342
937
3853
793
364
4746
3473
2595
1618
4416
2546
2430
4106
3202
4119
4677
4028
1760
1752
3822
2222
2691
4024
3414
1514
4463
1321
4972
3225
289
1218
2354
1013
1354
3491
3795
4492
4592
1776
4841
4299
368
2475
2816
2424
445
4426
930
1453
2976
473
2516
38
270
3146
3875
3701
102
3960
2747
2190
4911
4726
2204
4909
172
989
1511
3620
4109
3906
1440
3330
1681
331
462
1816
3290
2054
1578
1119
4470
2872
2958
890
2942
41
4563
323
4596
532
3224
1429
1327
2658
4636
225
4422
4329
2599
3981
1393
4617
4529
4744
4776
3050
1493
2174
2786
4455
3148
3245
2256
3670
2165
700
1492
3079
3181
43
3005
2815
4199
2913
1812
1003
3977
3660
162
1926
4164
3596
2596
4826
3793
4145
2533
2567
4695
704
2784
2513
2179
411
4108
4822
3721
1486
145
3375
1181
4635
4369
2155
1782
4279
202
4942
2397
2497
1672
4238
3886
129
4838
1116
2559
2677
2617
1424
522
871
3188
3713
3576
4110
302
3633
3739
3223
3935
514
3741
3507
4731
4877
2072
4959
1047
1731
2259
104
74
3234
416
4791
1131
1348
2124
3845
2416
4152
4547
2374
3382
1160
2864
159
663
602
1194
1376
1067
2142
1623
617
4849
1322
979
667
729
780
4475
343
4880
4830
2019
1500
3946
2603
2180
1779
1018
1078
2096
3326
1690
4868
2962
1640
1168
1919
641
3007
1284
1658
150
439
3067
4767
2392
639
2224
1819
1154
717
158
864
4575
3843
1277
4087
2940
703
81
4183
2673
533
823
1176
4639
1716
1661
3134
4514
4127
1407
2153
646
1381
4811
3591
2653
3878
4107
1252
2471
1684
1589
3439
3268
1395
1164
936
4638
4100
2365
4628
3945
167
2337
1823
2287
2388
4954
2837
1789
1233
1200
3777
3686
803
2409
2973
1615
2804
3316
2884
3137
1472
897
2127
3903
4789
1660
1267
4692
2914
1940
1385
662
151
2170
1600
1817
2895
784
3747
988
4721
3571
3198
3825
4278
1009
4052
4116
875
854
2361
4831
108
2326
3764
3055
2223
95
821
2200
1483
1865
3045
75
1723
4598
1924
2274
1092
4079
2684
0
299
2944
720
1081
2216
12
4999
1288
209
2348
1227
4709
3564
4579
2064
1592
4397
3993
4955
2964
564
1262
3421
2822
3356
3595
2795
3242
2573
4165
1166
4554
3614
523
1544
1079
13
2553
3269
3720
3003
2260
3859
203
1529
3796
4541
2863
2079
223
1727
4308
2594
3070
3406
347
1180
2182
3681
455
1966
529
3854
2566
1874
4035
2873
2846
3644
1014
2888
1935
947
2918
3530
4500
4270
2057
682
3901
1987
39
972
3440
3743
1392
3606
1792
1982
4466
716
1371
424
604
194
188
933
4071
608
164
2481
4136
4794
3452
3025
2131
2485
4530
3619
3580
688
655
4043
3722
3868
628
2885
4215
3540
2693
3038
3071
3283
3088
3851
260
395
733
4174
1641
1843
3733
4905
1063
3745
1048
247
3094
3249
2766
232
2859
3180
1465
3409
346
3880
584
3982
1071
3650
4002
2437
1814
288
976
1335
2570
488
2112
1387
1791
4305
3051
4568
2063
3911
2085
1836
3480
4973
4210
4402
2455
4699
2825
3789
3923
357
4894
1713
1201
559
4361
730
341
4548
68
423
3762
4448
1961
2178
2661
3399
721
3732
1115
1527
4537
4625
4231
3427
3389
3397
485
4181
4908
665
1097
1105
3840
3159
2353
4280
1826
2506
2975
2364
169
1484
2657
3807
1845
72
2219
1005
613
4467
1326
3577
2526
3709
2338
1875
1208
1140
4771
1838
2821
3499
4479
4703
1887
4401
2275
1963
3602
3320
3370
3918
3856
4804
1607
657
492
2357
2664
2379
3171
4133
2593
415
643
3304
1032
4885
3211
2393
4158
2647
116
1379
4738
4363
497
558
1648
4236
490
3106
2041
3312
4649
375
4112
1170
4205
2660
4842
2544
3536
383
4287
1654
3870
1649
978
4171
4985
2978
3997
1414
3697
2865
1996
1448
3394
2230
1853
1951
4770
3451
2189
1998
2692
187
2498
3696
3678
3222
4041
1610
1024
1317
2828
3111
4778
4734
4796
4705
1694
4146
3165
964
4718
1471
752
4783
3522
