3231
2367
4235
4090
3446
1024
4600
2422
847
4370
3490
2236
74
1633
512
2819
2632
3526
2052
4608
4751
2038
4217
733
4475
4766
1286
3952
4722
447
4857
2421
2593
1399
2042
4313
295
4704
2462
1185
3164
4737
4081
3987
2642
174
1625
2215
3579
4941
4104
1005
4424
80
893
997
2597
1773
3850
4137
3235
3436
4589
1807
921
2429
3844
2899
3613
3511
4366
4308
2373
2454
4120
2056
1385
2717
687
3786
3544
442
1145
692
3948
1485
2962
488
2930
4659
2433
823
4398
898
1021
2802
2905
1934
909
3439
2174
4202
2351
2502
3561
806
306
3718
2527
1111
1876
2252
2551
2580
3015
266
2037
2324
3204
3493
3591
4455
1569
1340
1574
656
954
4312
3364
4441
725
3230
20
2318
2009
105
2704
3163
1338
2187
4816
4377
1797
3179
1585
2964
1869
3924
3112
824
430
1959
3678
1180
230
4189
97
3184
4087
2662
155
612
2043
1358
4169
205
158
4457
3376
1007
1790
4408
72
2224
1451
1839
3466
49
2425
2596
1437
1303
4383
3137
1210
4840
3199
4183
1796
3360
1768
2846
3032
2472
456
1238
882
4437
3796
2554
2761
4652
2129
3280
2029
1829
3650
4497
4945
370
4569
377
1211
3518
3148
2184
2287
1749
2782
3836
4433
3991
927
1287
251
1704
910
2077
1196
1867
904
1709
794
1727
1060
336
1205
2101
4702
395
3467
2100
24
2780
2340
4916
518
2243
4873
3306
3515
4028
1502
867
1997
2656
128
2972
4971
2614
2386
3588
3341
2492
1622
1538
366
3693
50
4350
2931
4260
4378
2328
3881
4391
18
471
3572
1516
1511
1184
10
3133
832
3632
415
3170
1010
2314
4786
4746
3574
1472
1042
2889
1755
148
2141
2735
4089
3889
2467
3978
2063
4168
3313
2476
4521
324
4829
4908
4456
2118
2474
602
860
342
3807
3651
760
2073
4243
903
1872
1134
1864
4828
1912
2204
234
2560
4020
2034
3271
3310
1900
2715
4022
1404
3776
594
2757
2893
2795
3117
3645
3172
2248
531
4251
1784
4122
1578
1978
3789
4699
4073
4283
1201
4310
2465
2078
2744
4536
299
901
2007
1970
883
2047
53
2649
2711
4449
3788
2292
1875
1535
770
2909
3054
599
1308
3424
3305
2887
3514
3940
257
2739
989
798
3858
4591
453
2113
1760
1390
1158
4476
2883
1629
3534
4852
1045
2823
3076
4082
3495
4592
4195
1927
4464
31
766
3994
2473
4794
2543
1281
4295
1001
4225
3835
3679
3963
1263
4002
683
1694
3109
267
756
3120
173
1621
1809
2482
3243
3520
2552
2394
1124
4064
1091
4199
729
2832
4496
2514
3503
1776
2062
4296
1324
1590
4978
4374
4928
1431
1865
4198
2618
371
3410
3009
1895
4000
4564
4760
1299
2185
2446
4478
2755
4181
695
4072
2518
2463
1309
709
1127
4833
341
4300
2353
1084
838
3925
2229
943
259
590
879
4069
2500
193
1379
1880
2158
1059
3401
3042
1228
4961
3672
737
858
36
2942
2719
3891
2361
2746
819
3116
1594
2937
4196
1758
2255
567
3236
3472
4929
767
1168
2587
2273
1369
605
462
2936
4207
28
3595
228
815
1761
4338
2016
3055
1854
4986
477
4735
443
3046
1486
3259
1114
932
444
899
4712
315
3775
4363
2413
1381
3647
1227
4413
811
4051
757
224
4579
2055
2850
4748
3886
1898
2578
2709
1147
1137
1022
4190
2777
2444
1780
4884
1858
513
2218
1732
30
310
4906
2920
581
2001
3927
1396
345
2384
2738
4091
3735
2109
3262
960
1730
2611
3652
1054
673
4812
2190
2803
2264
1233
4036
1403
3062
955
1879
958
4793
637
4874
181
4663
3077
2515
4328
275
3562
4491
3251
3355
2381
1289
597
3093
2788
39
1600
1013
1157
2403
1330
4025
1142
1061
716
1635
4798
2882
2924
3609
881
3269
2032
4984
914
2342
3910
1454
828
4643
2262
575
1261
4149
124
2393
2617
4355
786
4619
2145
2812
1503
1242
3340
394
247
4249
4952
7
4738
621
1082
4927
3382
3414
4481
1969
787
4981
116
3286
4125
1335
682
759
2195
2886
1401
1018
4154
2094
1154
4669
4856
1788
4016
3659
434
3980
4864
4551
151
559
1039
3863
4996
742
4330
3143
3593
160
3635
4880
2524
3623
3144
2148
1947
4788
2602
4755
4271
2742
4824
3496
3115
1652
3911
478
3025
4158
3541
1857
4544
4715
4466
4635
4932
2395
788
2724
281
82
3506
4573
3967
4261
2261
964
2826
4679
3292
3273
1528
3152
2399
4667
2504
2894
4252
337
3714
1632
1785
4416
4789
2839
3138
3065
191
382
3281
3387
2323
3734
1430
1055
2370
1523
4075
4305
591
2169
2935
977
1800
681
4365
2105
3639
2941
3762
1272
2006
2603
3730
873
4644
2786
2884
386
1110
2332
2594
740
3920
2658
440
3936
4099
2178
2696
3823
4173
3630
1922
2783
2925
1102
3951
4369
2822
4575
4157
1583
2981
4060
4121
1789
486
3946
1775
2932
4130
1824
4842
3822
4172
4510
2547
604
4459
856
4188
1392
739
666
165
4696
2369
469
1293
1894
4462
3394
1425
4108
3853
4991
1861
2368
2676
2636
4639
3411
1939
3922
2530
3880
227
2410
3435
426
3761
4558
3680
1689
419
2225
1290
3089
2785
4963
4334
194
3171
3086
4182
2142
3433
2112
3071
3688
1173
4869
120
3747
138
2548
625
2575
1801
2325
2415
705
2635
3617
527
3487
1198
952
781
968
528
3847
3698
2700
192
1458
4845
2513
4618
722
3989
1608
1384
2272
3508
1586
3372
2660
1804
4461
4479
4823
627
4562
4299
1847
110
161
2
1423
270
1631
3209
3864
4032
1490
3344
276
2120
1740
282
4153
3612
1139
1489
1677
3279
1991
4302
651
1782
3689
489
1733
3349
2837
3072
1967
645
2977
3399
326
4815
3606
2359
1545
3018
3277
660
428
1739
3668
2226
4944
357
3185
2499
3774
153
2249
4782
2440
16
1713
4647
4315
3956
1249
2988
4487
3229
2891
1159
4508
2728
1044
2254
755
3221
2026
3707
4349
1476
3482
3489
314
1973
1066
4326
2488
3442
3769
1491
4664
2536
618
4453
3151
2896
1181
291
4953
1596
3215
1461
473
592
439
226
1047
1322
1421
2163
2871
4005
2147
2387
210
2192
1307
3883
3319
2974
536
4406
4899
4524
2511
4239
2595
8
3247
4946
3300
4574
560
2097
3570
1827
1246
3375
583
2276
1667
3195
4438
333
3744
4801
272
136
3535
1674
1830
3139
2377
2967
1505
1734
4027
872
458
2117
2615
4783
1083
3547
3587
738
2969
3794
3719
980
710
3266
4948
2606
3365
147
3857
2589
2847
615
2196
3334
3755
4385
2781
4277
720
2584
1560
3443
4624
3801
263
4113
922
274
1905
3201
3421
21
2139
3351
984
1752
285
1108
2898
3861
351
2443
3041
4583
3270
2933
4347
796
3034
46
1812
2461
3640
3166
4427
4979
4578
4503
829
4220
4425
628
4749
3162
1291
1245
2510
2330
4846
593
4714
2628
1069
1121
1341
2910
3736
4900
3641
3758
3872
4913
1156
4541
1182
4710
1088
1043
1759
3559
2417
706
885
1849
4850
474
1966
1337
2703
1663
1329
4758
4396
4079
4830
630
1414
4442
3309
3971
1212
2247
3976
4155
2115
3024
3307
4770
2124
1699
1219
2859
2545
1685
4450
3412
3918
3161
1884
4529
1802
4878
930
199
676
2171
411
1216
1514
4132
1311
500
4938
1011
3165
4969
4294
3897
287
836
125
3571
1234
2041
713
3323
3278
521
3838
3646
1581
1940
1832
4940
2508
4451
4446
3053
4930
717
4506
503
1899
963
3525
3391
3763
4966
2358
3671
409
4344
365
2270
845
4545
4546
1183
4046
550
3074
3188
1328
1203
4006
1126
949
2008
4065
4911
86
2877
2576
2343
4860
2391
2259
961
4443
2022
670
2765
929
300
280
779
2294
1100
641
3413
4662
3784
1950
4240
2110
1128
2011
1868
3709
1344
1051
3450
4287
995
3705
2553
2182
4200
1999
1347
2600
2156
1068
3178
4754
3770
3637
4105
3022
3484
150
54
2776
4550
4319
4014
1822
2082
3187
2959
2950
3345
1162
4346
2811
2915
4849
2072
2079
2878
4050
4164
4568
3517
3745
772
3728
674
1589
3945
2948
1475
2452
668
3068
103
4776
4134
4768
4645
77
1565
1209
1524
2748
1791
4492
1148
3993
491
152
1985
4331
1744
4537
4247
4881
1500
3220
4493
1987
1462
3597
983
4777
3800
2772
3328
1223
1363
3569
933
3265
1971
4192
4255
2572
3532
359
2183
3003
2916
640
1331
134
2720
3369
163
3085
3028
3722
708
2277
4266
3908
3426
4403
4587
4987
3388
129
3107
476
1960
2027
4131
974
4674
664
2389
1921
2991
1682
1107
481
2579
2609
1254
2298
3140
4759
4656
1464
626
833
4581
2760
3325
2485
1873
3455
384
2860
3036
2754
3384
2699
1552
2450
4892
3660
2526
4720
4221
3031
4100
2733
237
4804
4407
3739
284
4469
3461
2430
4175
183
1080
372
243
3494
2875
2705
761
1798
4750
3299
3708
1557
1250
3787
2426
4165
220
4773
100
1892
1493
1607
2947
2071
3110
4814
2865
907
1745
2004
4678
4796
1304
406
603
1821
19
4376
2210
2509
2801
1301
644
1601
1312
4023
1317
416
1275
423
265
4859
2537
4980
83
4010
238
3353
2750
3196
526
1778
3156
549
3600
4116
3767
170
3311
4897
522
1125
4066
506
4375
561
3415
4885
3619
3123
1375
4152
3986
2784
1175
4421
4585
2336
2309
2723
4516
3964
684
2028
3048
347
4765
1923
1572
1887
3427
576
3576
507
250
3859
3423
4902
4785
1525
2532
4693
1346
3186
1935
4170
2989
1085
2167
1239
2994
4236
803
4379
707
1714
57
2227
562
3555
3977
1616
4494
1298
2014
4606
4933
2980
4771
2692
777
71
4095
746
4339
3063
4501
988
2607
2616
2477
3371
4178
3312
3938
2864
4694
1661
1909
1260
1675
203
1315
2605
1104
2246
4489
4713
1271
356
2098
4291
253
4866
580
1670
2956
3241
4107
566
454
2152
972
2268
1634
1584
749
2279
3669
2419
853
697
2731
4151
4903
1073
4939
3225
3793
1122
741
2763
4822
2267
1918
4974
3973
2106
376
3605
1604
1172
1976
3069
202
4620
3589
4988
3832
3833
1411
906
891
3743
1977
4269
1400
2414
3929
122
3831
1465
1555
277
3675
4399
3581
233
715
4447
1512
3969
3420
4636
4463
4611
3142
1697
2774
3703
4570
3205
1382
3556
3190
4686
3751
2457
2686
840
61
4653
4808
3463
1582
4655
3664
3981
871
3113
4672
1721
1710
3915
4112
4559
1049
12
3516
4098
3817
4351
298
538
4769
1447
1438
4660
2863
4910
1052
186
208
1984
3378
4179
861
4757
3393
1497
438
509
4405
2641
4499
4417
3114
3428
2401
1259
2286
261
1345
4901
2958
4920
4627
4552
2501
2280
4145
4992
816
4017
3513
1220
4292
87
3193
1769
1882
414
4935
3219
1098
4364
3227
1874
346
1975
235
3064
4041
1855
2853
1644
3052
4371
1820
457
493
1592
1407
1356
1852
249
4739
1343
296
985
4839
3419
1906
464
4520
2625
119
3033
1994
1248
1373
4762
2250
1067
516
1948
1795
4853
4214
1544
4078
3297
3094
197
4821
2690
2694
3586
3842
4335
696
951
166
3316
1440
3723
374
4071
149
2478
573
2631
3821
1434
3491
4368
4177
2070
3370
4445
841
3750
3386
2069
4048
1191
4470
2927
3867
4566
632
2559
1482
4835
1256
3256
4668
3127
2051
2036
2065
4186
3332
4706
642
3083
1562
735
283
2365
2296
3298
1851
578
3628
2542
2080
467
897
646
460
3377
3214
3327
335
1222
3331
214
4092
4889
2598
4193
1310
2046
2132
350
109
2208
4400
1664
2751
4248
3729
3996
1
3694
2137
1676
1720
887
2481
2326
1019
611
3191
3962
2913
3997
1432
1359
2469
4886
1020
4875
1870
368
2561
2789
4834
3944
1457
3573
2439
4708
2858
3691
1662
1665
1167
3380
4528
1221
3075
2017
4648
4244
584
501
1919
1480
92
59
4205
4665
1750
1623
2392
1360
3102
4332
2319
320
2157
1654
916
2677
4008
3366
2808
4342
3088
3099
4304
4690
3481
4837
4428
2873
4622
4527
852
1409
330
679
3339
2565
1357
4863
4498
1435
6
3681
2778
1378
1164
3249
3854
1657
4779
2591
1075
4517
459
4915
1327
1567
810
4890
4055
1680
332
4976
1537
4115
3578
3448
931
3629
2316
2398
1678
3457
1189
69
3131
3820
577
1236
992
3499
1444
2096
2672
4957
4414
762
164
3293
1573
4543
1320
2851
4934
2652
4074
171
1397
1845
783
1532
3577
1501
2921
4800
1548
146
139
3843
4471
1112
4086
2445
1896
3733
3395
418
1543
2679
4540
3417
3799
866
1230
532
4633
3887
3480
3773
4208
4077
62
4518
2630
3080
4601
343
3551
307
408
2834
4485
1188
4882
614
1878
258
4876
3330
4333
2820
4836
472
4001
3557
1244
1426
313
3995
2303
262
793
2181
962
4775
2695
4253
3159
304
1367
4360
4327
613
1863
1946
1295
1793
3598
4329
3642
3464
2726
3283
2922
207
1708
4419
1065
2357
4695
727
2301
2963
3622
2350
814
1871
3465
776
1050
2685
3409
993
143
3899
260
750
2533
3930
1218
1540
4912
3529
4030
1767
1006
2003
2397
1179
4311
2604
3373
3198
2455
1522
2807
1321
4990
2151
1178
34
4353
3505
3865
2060
2211
4682
11
3207
1954
2489
654
4054
2918
1077
2836
827
4511
4362
3045
556
4094
2681
1593
4392
2907
4638
4998
3522
1090
3543
1109
65
1803
1958
773
3128
311
4613
1442
2234
4241
1274
4631
4285
2193
4053
1931
465
2961
572
4965
2278
3288
1679
2727
2049
4923
3242
1944
2768
2143
976
2431
2857
4227
2214
2284
2702
4741
3815
196
4697
2590
3596
2108
1416
2217
4015
4245
424
820
2219
3524
3546
2869
4795
1217
4184
1529
3941
4436
397
3542
4359
2759
4761
2951
4806
1096
417
361
4975
159
45
2647
4931
4372
4753
3352
1151
1225
3982
1146
2162
4472
1353
225
1027
4024
3004
2577
1883
3530
790
294
4303
1742
807
2168
47
48
3621
2650
223
1642
400
2104
2868
1831
711
1507
890
2245
2385
2564
3001
2050
4037
685
2256
2362
3953
3926
3468
2911
3284
3549
4224
3599
3658
29
38
648
3974
1499
2480
4234
319
3876
1070
3943
4947
379
2000
4661
4513
3554
4003
3852
3584
4138
2122
1982
2149
352
1041
4026
2432
2237
2102
675
3255
2382
2885
1549
1850
4197
721
2830
4226
3803
1470
4322
3913
3483
2570
3081
1860
309
3507
4042
2799
842
1660
244
647
496
1877
1391
723
1269
241
4232
2698
1428
4180
555
1643
1541
3043
2818
2497
2299
1866
1672
445
4572
3359
3781
358
1536
2087
4924
4855
421
3764
1903
2302
934
4787
2220
3027
3907
3158
1640
1419
3757
4561
3216
1945
4982
2729
3362
4752
610
1725
2191
450
3932
4571
3592
1131
132
3871
1477
3454
2741
4914
85
4465
3616
2707
4955
4905
1171
978
3136
3825
1781
4634
4577
3058
994
851
1889
3633
4166
2205
4781
4993
569
4361
3154
4535
4488
2866
2165
3303
780
355
3949
4792
3296
3038
4293
2235
3253
3183
3326
1996
1928
3469
4258
4009
4609
3291
3007
2035
431
2793
4909
2244
2144
1129
1669
2427
4734
3837
799
3727
329
2019
902
2490
2651
1371
4919
2076
4171
4617
3498
322
4526
4532
638
4549
1097
3782
2732
1813
108
3983
3237
3768
3627
2710
817
1647
3244
2620
1446
1441
4994
2322
1645
4467
1983
2305
2291
4289
2179
3992
3667
1026
595
2539
2099
1979
3317
2796
1965
2838
1703
60
4825
3984
4683
2966
3548
2337
2486
2775
3670
4555
515
747
3134
3035
1513
4040
620
1550
3537
4719
112
4423
2040
4972
2468
4811
4590
1429
135
2376
4454
3812
4409
2327
4067
1995
2908
629
3905
3841
2297
2521
1828
3374
2745
1746
2341
1576
26
1174
4486
1619
2238
3030
4547
1177
4263
4877
3649
1700
3213
3121
880
3066
1355
2378
3898
2701
4565
895
2638
81
805
3416
1258
1092
2135
3347
2626
4701
1267
4666
1094
1484
3740
1579
996
3453
4985
2498
667
868
1383
2805
2953
1707
734
973
362
4482
728
396
665
4843
1478
403
657
4628
1885
946
950
1618
1053
1473
264
1638
4879
919
4273
2608
2855
1194
4034
1235
874
2212
35
1273
4096
1149
4999
3275
1930
1305
953
2973
2678
387
3407
3092
2639
273
1079
2940
2089
1671
2627
2712
999
1040
1833
3917
2418
1368
4142
3510
730
1517
920
114
3701
3656
3892
2792
1757
4872
240
3258
2997
4871
533
1936
1166
1911
1262
2601
1563
2240
636
3643
3692
4802
700
1688
1731
878
4426
2688
504
3357
1577
2002
802
1138
126
1751
1764
2059
1626
407
3211
1103
3890
495
688
1319
911
2667
3798
175
1144
859
3379
317
1736
565
3879
3888
452
4685
1834
2352
2216
1116
870
2675
554
198
3737
2093
2556
686
3338
27
3040
3010
4896
1818
1496
2484
2170
3406
2998
3580
2567
2523
1377
4468
4286
144
1279
2160
4671
4553
4745
1029
479
91
1942
1766
2130
2400
3687
338
1292
1862
948
3304
4274
1926
1693
4324
4610
3624
388
344
3512
3552
4049
2957
1012
3023
1823
2068
3287
4763
1937
4233
982
3644
2934
2992
1326
3662
869
4381
3418
4718
3222
970
1718
1534
3079
2202
2306
3686
3884
4411
98
3274
4316
1641
3795
652
2861
4623
4607
2090
2119
3155
212
3431
3478
201
1031
3732
1951
497
4926
3998
3603
1974
1270
609
3261
1627
23
3540
1825
4596
1003
2856
2293
4658
90
4557
2946
3975
889
3874
4943
724
1253
2531
4973
2655
4290
2721
4731
33
643
118
3779
3217
1805
3721
4514
4386
37
4432
1602
945
269
2134
3791
1323
4127
4504
3868
4525
2251
4805
2747
2979
3634
2843
2944
2491
1779
2064
542
1314
2810
1897
3106
3648
3202
3449
699
4367
2880
3631
3682
1469
73
2186
1332
3021
4318
2123
714
3101
4732
1213
3488
3477
3712
865
2044
3519
3208
926
1395
4340
4721
3919
468
2447
3119
539
3521
3528
63
4230
1836
563
3866
4270
1495
1637
1214
758
768
579
2057
3553
1474
4630
2164
1738
1106
3677
3731
3470
4088
2111
4106
834
3197
1952
3226
3008
939
2995
3044
218
4307
1651
3189
2412
4724
4275
2668
15
800
4922
712
3601
1266
540
2228
94
4505
455
1362
678
3445
3950
3851
1783
1056
1232
3979
4556
732
3914
2313
2740
1726
3894
3061
4059
4780
4356
231
2829
142
2411
1136
2619
32
4256
3563
2233
2437
1354
1025
2644
1953
3182
1427
850
4657
3566
1257
1450
4238
1352
4742
830
4673
3168
4651
704
339
1076
1372
385
1553
2360
4848
736
2329
3361
216
1806
616
3538
3937
2081
624
3706
145
4820
2971
1588
987
2281
1436
4397
1418
908
2535
318
5
4542
1554
4925
3972
2206
1276
3819
4997
2114
4124
2833
1283
4512
1192
2881
3272
3091
1980
1811
413
3295
2849
2460
3814
1241
4314
1636
4539
22
2867
1072
4031
2380
4502
3368
3602
4838
2374
1169
188
1141
217
1992
753
4325
3492
2827
4691
3683
93
2311
248
3146
4602
3626
2769
2321
2456
3824
3462
2664
4268
4960
2753
3290
64
2684
2790
3084
187
4019
3715
691
3238
3811
4726
2529
969
353
4110
2271
663
1702
4150
2166
475
348
2289
2253
3049
2716
1412
4410
2613
1117
1814
4085
535
1033
862
2512
4061
1365
4586
947
1453
2092
2364
1890
1443
4033
1587
598
4440
875
1422
1794
3111
2919
3882
2841
1706
4341
3862
1658
2018
3282
3895
821
3400
2188
785
293
2223
3233
1089
2939
1393
2621
1770
4035
545
2197
4387
3638
2198
432
4422
127
437
3904
3533
2333
3752
582
2993
4956
1277
1302
1956
1325
525
3813
2546
1366
4483
2493
3476
601
2517
4594
2749
2338
2645
3955
1686
178
4951
3661
1606
4012
3968
981
1002
3772
4418
935
1521
131
4989
2585
3848
3130
4495
4250
1361
3738
1547
4103
2355
991
1280
1509
2126
1917
1988
4970
2976
4767
3150
4490
2154
2207
4473
1603
1081
3473
3153
4858
4968
2771
4778
236
3056
4703
3990
4345
1370
4588
4434
2140
1639
369
1143
4612
1981
1838
3096
271
4649
2764
4144
3350
649
3343
2984
543
2402
4162
2177
1933
775
822
3877
2687
433
3655
1193
2053
1881
2730
2762
1650
4507
4029
498
551
2722
1701
2416
3754
3896
2674
3073
2125
1449
4429
1520
2150
568
4554
1968
0
4431
3437
2938
596
1729
1071
4052
3860
2904
511
4728
4803
3653
2528
2428
3713
1659
1728
2756
2544
254
3013
209
896
789
4281
655
2983
399
4415
2095
4650
1949
4174
1163
4894
4560
3059
4135
2987
393
4167
2315
88
76
2872
2010
940
537
2203
2031
671
3108
246
3970
2629
3212
837
4774
3901
180
617
1255
2213
534
380
4772
4306
1620
2407
1471
392
2557
1530
3808
2159
524
1034
482
1508
1415
2800
2643
1808
1165
771
1028
3958
3748
2714
1479
2075
245
1387
3893
2039
4210
3322
1105
553
398
2012
3223
1763
1348
3301
3037
4891
979
3019
2663
1683
4118
2897
2396
839
169
2061
2817
3988
4893
1161
2269
4813
435
1561
4384
1492
499
167
4373
3181
1957
1252
4474
4336
585
2379
3460
1140
4799
239
363
1816
4962
3502
2970
2300
1684
2230
3702
4725
1231
4983
3026
2671
290
1313
3666
1891
3486
3909
818
4317
4018
3385
3122
1487
3302
95
2852
2520
2344
2335
4854
4967
570
4954
3402
804
4584
4111
2086
3839
3160
1264
3806
2103
967
2347
4807
3810
1653
232
3873
2257
3078
1135
4156
1735
2133
4133
1598
4604
2555
1920
1904
1610
1747
3710
1556
168
4080
4159
2943
3802
2282
2495
2900
4727
1000
1526
3934
2683
1488
3906
3335
402
2534
3006
2084
179
2917
4681
3354
2345
41
4420
4354
4321
4176
4747
635
2624
1611
4563
3104
4716
1648
2290
1374
2914
1226
4740
2048
3254
3067
1278
2569
2067
3550
2295
1762
986
1925
1777
1748
3176
913
3268
4670
106
4229
2116
1774
774
3805
1494
1575
1459
2339
4448
1673
1448
3485
215
3451
3620
390
1605
3654
2525
1398
3611
312
3475
2975
2586
3422
3746
3149
925
3346
3
2435
1284
4126
571
2239
4062
420
4538
3965
2791
2441
4389
1754
680
4629
4917
548
354
2831
745
2804
877
659
3999
130
619
639
2479
252
3933
1364
3174
2201
2383
517
1856
1483
3014
2503
2773
514
4730
4847
1300
3608
3245
3145
4698
4736
4567
2475
1765
2612
412
544
2689
2175
2020
4119
4212
812
3125
2199
3157
2088
1455
2128
4641
4862
2815
4320
1190
2713
3855
3830
844
4123
784
3240
2633
791
2708
1568
4977
4642
4625
1433
2599
4143
2013
1463
3585
3928
1224
4265
1265
373
4257
3348
2346
4147
2496
1153
375
42
1566
4297
1380
3614
1460
121
1531
107
4646
1481
2592
3358
1237
2903
2054
3095
917
4209
2659
4213
3329
4068
3248
744
4580
4191
4038
4262
4185
3000
4452
3921
297
3132
4430
3809
1989
4599
1282
4593
726
2442
4867
1199
690
849
2955
928
1349
4382
40
835
1715
2945
831
4621
4284
389
4861
367
2172
3430
4412
2540
1711
2854
58
206
4582
2982
3785
3363
4841
1527
589
3760
286
2637
4301
279
2654
1086
78
631
2021
219
1150
2121
1902
4523
436
1893
876
4809
308
3180
552
4101
66
1691
764
3673
4705
4904
1017
4640
4576
13
703
162
3568
3900
3780
944
3047
3959
2320
4790
1756
3129
4480
425
1336
429
3501
3869
502
4401
104
1628
52
334
349
378
782
2083
4484
2424
2623
3695
622
2023
3961
4402
3663
748
938
3471
4677
1681
1914
2127
1799
587
3333
661
4898
3725
1737
3942
2317
323
1456
4844
3012
547
3324
2814
4093
623
383
1571
4784
546
4128
801
1649
689
884
2737
3082
3203
1015
4870
4817
68
1350
3459
4097
4206
754
3699
1087
1886
2848
3224
3504
3531
3960
4533
4146
4515
3564
288
1542
2354
2888
3849
3020
1901
3625
3029
923
1646
4237
4723
325
96
3118
1695
3398
4921
3408
3206
3685
1057
1792
3741
808
3005
1546
1204
854
848
2928
3441
1692
2176
1962
3057
1285
1506
4267
3389
3636
391
4950
1722
1716
3790
1115
305
51
3749
2809
702
221
1229
4160
111
719
825
2161
3765
809
3583
1120
505
3845
1963
4246
1539
441
4278
2895
1036
3002
1916
529
2420
2573
2066
1972
222
4531
195
3336
2798
4352
1712
1614
79
769
176
4818
200
2770
4597
4995
17
2842
2458
4039
941
3320
3051
2471
4272
2459
586
2005
813
2408
4216
1815
1842
1200
3690
2221
255
2349
4709
422
2448
3314
55
3126
1099
3856
2844
4509
900
3704
3840
1046
4288
1035
3716
3500
480
959
1186
4140
3405
1195
4826
321
4139
3804
2648
1941
3367
3903
3878
4141
2558
3097
2779
3966
2767
2665
1038
574
3390
1016
4519
2470
4343
2283
4222
177
2153
2388
4404
2288
9
797
289
157
3392
3665
1597
1388
508
3826
2978
3087
3816
4500
229
4717
3717
1118
4595
1334
3604
2522
1932
4632
2876
204
2666
3545
3381
1243
4918
2200
4084
4358
510
1294
3674
3264
1008
3294
2146
2136
2436
1155
4109
4337
826
2423
2487
3440
4203
1032
792
3103
1410
3575
1609
115
4004
3175
3594
4276
1187
2906
3829
1093
557
2453
1961
4435
1666
4057
2406
1570
4395
1207
3527
3509
278
857
2661
653
2308
2241
4218
1943
3173
2718
446
4692
4013
1408
3947
2743
3870
3753
886
966
405
3536
2968
3452
1705
2449
1062
2304
1613
67
3957
3676
448
4
1993
672
89
698
1420
2673
4458
4797
3124
1519
1986
915
2949
3276
190
3931
3939
2173
2862
140
1037
185
1558
2697
2879
2348
4204
1888
3011
75
1964
2366
1741
1908
662
2691
3257
2954
1402
1915
855
1844
4136
1202
14
123
1009
4309
1533
2285
2025
4733
2222
1014
1819
4827
3135
4729
4388
1826
340
1351
2275
2923
3098
2787
4851
3432
2483
1846
1924
102
3615
2986
3050
2263
3434
84
1251
4393
765
2371
3267
1288
2734
2563
1405
4942
2265
2752
4102
3060
1615
1297
466
3771
3039
3337
316
2189
2451
4949
4163
3194
1406
2806
1559
1074
936
2901
1743
1848
4323
2985
4477
1717
1668
658
2825
2312
2091
1595
1612
4201
2505
1468
1078
4021
2138
2155
4058
1030
2797
3016
3017
606
1101
1445
3474
718
4043
2030
70
1723
894
2794
864
4616
470
2657
4148
1787
2232
4888
113
4937
2680
3618
1655
3560
2622
3447
2107
3985
2634
4868
483
588
1656
3818
4743
998
4056
1466
3263
2550
2965
1910
990
3497
1417
4007
1998
1176
1599
1580
1907
2209
3657
751
1206
3792
4791
564
2231
1753
2828
451
2568
3403
133
863
4280
3090
1197
3321
1498
2260
2682
701
4534
2693
2464
4219
4439
3479
4215
4083
4907
4194
2566
256
4684
1929
4680
2574
1316
401
3742
3234
1268
2538
3105
2816
3308
4865
1913
2404
2725
3167
2926
3916
2033
1132
4605
302
4887
2438
1413
2516
731
184
4114
2507
1113
1058
1215
3444
2363
303
1452
1306
2562
3766
2549
1123
2892
4964
154
213
2266
211
4832
1023
4211
3228
1342
4279
4282
1160
3429
2999
2929
1551
4522
3697
1247
523
141
1817
3397
3885
3356
2902
1004
301
924
2466
4675
2821
1439
3425
3912
1771
1837
189
2845
752
3438
937
2541
3210
2912
2334
427
2766
2409
3684
328
2736
485
1719
2758
156
1853
2180
4187
693
4357
4688
1389
2583
3778
1510
4380
292
2356
4444
101
1386
4460
2242
1990
1240
4764
2571
4883
3070
2506
4700
2588
4637
2307
971
633
1095
364
117
3759
1064
4161
2990
2670
1048
634
541
1296
3147
4676
3318
2874
1504
4242
1698
182
3711
3590
43
1333
137
519
4614
484
3260
1564
3954
4936
1063
530
677
4228
3700
1467
669
3726
2085
4626
25
694
4045
650
4810
3218
2653
1859
1515
2813
3250
1624
1772
1376
778
2706
172
957
2669
1339
2390
1170
3458
4530
4711
494
404
1617
846
2646
4259
3567
1518
4063
3141
4223
3100
3456
4044
381
743
1130
4070
4011
2519
2434
2582
4831
2890
3539
2870
4047
4603
3383
520
2835
975
2015
942
268
4394
3756
905
2194
461
3246
4264
3582
918
2058
4298
4707
3846
2840
892
2274
4348
2074
3797
4687
3404
2024
2610
1152
4598
487
2258
4129
888
2494
2952
3610
1955
4654
4076
360
4231
1696
965
3315
4895
3724
4959
1133
3828
3777
3252
3834
327
2581
56
4390
3607
1810
3783
2375
2310
600
331
2331
608
4689
3696
3875
1591
3177
4958
912
490
1394
2372
3239
3902
558
1424
3565
3558
492
4819
1835
3200
242
1786
2824
3232
3342
2405
449
763
1843
1119
3396
4117
2640
4744
1690
3935
3827
1840
1938
1318
795
44
2045
3523
3192
463
99
607
1724
4254
2996
1687
4756
4548
3289
843
410
3720
956
1841
3923
3285
3169
1630
1208
2131
4615
2960
