2621
315
483
4012
4197
4594
4811
218
2597
730
812
4988
437
2133
4227
2228
982
2494
4537
2090
3314
1667
1690
4375
3268
4732
2446
2330
1980
895
2037
3205
683
4231
1556
1695
3425
231
4283
4323
4770
1215
4167
91
934
280
1056
2054
3010
1380
4134
1617
1581
1169
3027
3392
1874
1861
837
2050
145
1542
39
3129
4121
1888
3310
1605
1852
2248
577
3020
886
1916
1069
847
4780
3738
4660
3353
4973
4142
3098
4417
2470
1613
4299
2730
1482
3934
102
2360
4666
3482
3227
2952
3014
3987
631
4939
4978
2413
2557
387
4784
1431
4738
3632
3560
1951
2815
210
1272
808
4483
1219
2168
4424
748
4611
3345
147
1224
4214
4731
544
4612
2818
1632
333
3756
4842
663
1278
1417
4894
4683
4240
668
376
2611
4321
3418
925
1405
4110
4400
3904
3146
1263
4981
745
118
928
4684
3385
4270
4086
1514
1611
604
854
4445
4260
916
2467
4019
923
2098
1367
4924
2125
4205
1191
1741
2528
3852
3187
2349
227
3378
3301
1414
400
2826
4382
1141
2265
1744
4097
3615
214
4565
472
1267
1155
4984
1098
2341
1413
3162
4508
3617
354
2847
920
2311
3963
1007
3649
2637
887
961
3287
117
1570
1946
2929
1863
3327
955
4557
1100
1209
79
1834
2722
37
1075
3422
873
919
2724
2570
3989
3423
1198
194
4080
1644
54
4829
256
2671
366
797
3820
1716
749
337
4980
2764
3135
4338
750
1869
534
4438
3341
3630
3924
1507
415
1770
1991
802
528
1738
498
4416
3843
3306
185
4457
2267
3710
1653
2681
568
112
3437
1373
3708
2820
2750
136
2602
2703
134
1398
4786
2241
3564
4065
1465
574
1194
97
461
1180
1339
4938
3823
1970
3029
598
4379
653
1974
4391
3530
711
4689
4209
469
4436
2486
3012
4284
3223
1015
4867
2352
2618
1559
4503
2435
3689
2863
347
1718
4995
50
3751
3804
1740
874
170
2693
3686
441
2073
2643
1880
4999
3114
200
1315
5
1374
1330
3035
4331
832
3232
1442
1237
3741
2956
2196
4272
2006
2106
516
2881
4527
3304
1294
657
1938
66
1010
2190
3585
4578
237
1643
2736
4764
4466
3449
3840
690
2529
3605
758
4893
2714
1197
2085
1897
1039
3011
4116
753
2347
4402
1536
2112
675
2058
2060
3127
1709
4468
1843
258
1848
630
3770
1539
1436
193
323
1662
2810
4912
2488
1829
2135
640
4896
4053
2709
1338
4629
1103
1381
248
275
1060
4128
2871
4737
527
3244
3954
3021
2412
4510
660
204
3774
593
1476
132
4194
4093
1944
1736
1968
980
898
4395
1445
3072
3347
4506
2354
852
2839
3669
1691
1969
4294
1281
2019
3501
985
3897
931
466
2524
1839
1471
2916
2067
440
2997
4298
4859
4511
4631
16
4265
435
716
1688
4477
2044
4
1779
116
3110
1292
1582
1754
4364
655
1399
3614
1743
496
197
4728
1576
1190
2232
2949
3432
2791
4968
4603
2185
629
1375
350
3768
4147
1266
846
4043
3219
3715
3518
480
2531
3637
1240
2831
4439
987
4726
4113
3006
4841
2924
905
3371
4165
1793
3743
932
2629
17
4540
1712
4810
2363
1531
1628
1814
459
2334
476
665
4694
1167
3476
3475
382
2049
1221
924
1377
1115
1633
3057
700
2166
2047
4137
1973
1493
1025
4322
3555
2638
4447
2325
2071
4947
921
4224
3170
4569
4259
2808
4183
1335
351
1447
965
30
2855
4349
1376
3999
2240
4989
4458
4634
1168
1777
3266
2690
599
4528
3309
1592
4665
1409
2687
2066
2184
2505
4164
525
3834
4449
2902
4139
1963
4742
1867
3805
62
1923
3898
3729
1448
3094
3387
1588
4007
3224
3965
1288
3076
2850
47
1870
2561
2598
1067
1660
4525
1177
2953
4414
3016
318
907
1024
2059
909
1226
619
4512
1720
674
4739
1361
696
2790
2897
1182
215
570
3982
628
4337
4430
4444
2783
412
380
3754
465
4645
2744
3382
2846
3246
1136
4633
4210
4844
96
3951
4839
3189
1287
2650
3653
2417
4040
192
4344
2552
4340
181
553
1978
329
1739
4733
2721
3900
3874
4794
3644
3067
1983
1854
3528
1572
340
4335
4044
1033
1313
1838
775
3745
652
4751
4921
2143
288
2656
130
1533
3650
2312
3193
2773
1061
3802
2219
1019
3179
1239
2691
1504
2268
507
4568
2989
1207
943
3816
3661
1466
1845
1574
3456
4411
2074
2793
3176
4463
3013
3772
2258
2620
2022
825
4853
869
2431
4222
1994
3111
4266
1162
4857
120
537
4378
558
1027
1172
1058
410
2804
2463
2917
1053
2579
4251
4162
4024
970
77
3858
320
1264
2056
4562
3717
3256
1403
2284
1634
3145
3821
642
4169
4170
3130
3705
3961
4055
1097
4017
4163
2230
3236
2218
2697
1478
2867
2156
3513
3282
3340
4092
3988
3042
1548
3172
4236
1516
3933
524
677
3873
2256
2923
2935
3732
4095
740
1957
2992
4504
2628
3362
1122
4152
2399
601
984
3002
771
2998
3342
3596
1876
3373
2700
3766
2294
2576
669
4176
3359
2423
746
3107
1513
3746
1151
4864
369
768
2010
4432
1823
4229
4366
336
270
3783
303
3210
3969
2718
3000
3558
3981
4821
2852
3043
1569
4455
1696
4495
4269
4649
243
1790
3152
4440
877
4297
495
4289
3771
1386
2928
705
4392
1298
827
2806
950
3248
3274
4346
1449
2220
3069
259
1902
3419
1925
1934
276
4778
4530
1989
1745
2562
3578
482
1212
1406
1306
3204
2834
4246
1202
291
1408
562
4917
969
1404
672
3835
1648
2879
3147
2568
4050
2944
962
3919
234
4971
2345
4452
1261
1894
3323
687
4083
3275
3493
2250
3198
3526
312
4524
4900
2289
2020
3925
2984
1501
2315
2549
169
1996
2146
4124
3441
3763
583
3250
3839
2244
82
1967
3216
3813
2781
4155
3439
2194
3184
3521
1668
2052
2932
1887
3625
3105
3861
4674
2715
4847
1722
236
2504
1678
2116
2398
1199
2057
3257
1419
4135
3483
4872
2464
2432
1021
1999
1318
908
1344
226
1312
1134
591
1114
2803
2361
4101
605
1064
1158
1129
3583
1301
2245
1412
967
1171
1280
3433
3905
2288
1898
1255
4020
4789
3239
1400
2215
1349
4709
1621
841
2264
1308
3004
3878
4650
4362
4133
416
3272
4433
1805
4060
638
586
1160
2559
107
4852
2971
2572
4373
3194
4334
2706
3447
2161
4023
4756
2612
2526
3940
4028
3527
1589
35
4573
2797
1697
1023
1981
115
4647
639
56
4453
4474
3654
3163
3165
3863
3566
2000
1962
1439
3674
1341
500
3407
2842
3841
4066
4547
2357
4014
714
3629
661
1788
4977
3725
2975
3543
3319
963
2114
4460
1230
2145
588
2344
2516
349
4686
3628
3271
401
4957
3015
2126
4174
3602
279
1125
2532
2755
3540
4729
817
3806
656
13
2043
2008
3584
4300
4159
2433
2076
978
1496
2696
4309
1401
1698
4887
2811
3514
1541
1249
1945
2402
1675
144
1918
838
1553
408
3780
300
2119
2646
457
3421
503
1707
23
407
2993
2723
2941
299
1329
3699
458
3703
1394
1094
3567
3532
2856
4464
4793
4308
101
3457
541
1181
1337
4421
2469
1659
2537
1952
3718
860
2979
355
4195
1624
1547
479
4360
4558
766
2670
973
3811
3992
2393
1041
3049
3370
3328
3775
2727
1813
2527
4920
3112
4769
3506
2534
3854
4479
4521
3998
4681
2023
362
1896
4942
2802
4372
3316
3915
1032
2281
4550
213
3837
1577
230
4585
3208
1441
3747
1458
1045
3631
4397
576
3548
4798
2837
4690
436
3463
3202
4187
3869
167
1847
784
1488
287
1835
24
3173
2300
2832
1092
1107
759
2614
617
1627
2424
3660
3255
2608
2343
3394
105
2182
2630
1860
2525
378
1050
4532
4500
446
2503
402
4471
983
3825
2770
4952
2395
1051
4996
2925
1975
4189
89
3154
367
76
2001
2235
2735
3262
4262
1110
774
3214
4542
1557
3862
4970
1840
2661
3240
411
2471
4242
1881
2958
3459
420
3473
9
1584
679
1390
4006
3569
1598
3290
1173
304
1596
2287
159
1766
2816
339
4459
4203
3800
3348
41
2743
3797
3573
701
3734
2468
1247
1113
1495
1325
2275
3722
3040
1890
2197
4035
849
2271
1438
4584
452
3943
3199
3979
2575
2157
4831
2234
3978
223
703
2428
3795
2642
1093
3993
3601
3975
3452
789
632
4033
2606
133
830
3150
564
1434
2604
1776
2013
2093
1285
4539
1316
4233
2342
60
589
3460
2365
1727
409
209
1914
4919
3539
2134
449
4701
1195
3293
2757
2327
4775
2685
662
2688
1484
2301
3626
4673
1498
324
691
4700
2419
809
2875
1800
3885
4185
1328
695
2651
3552
424
138
2827
4462
3973
3822
2333
4713
68
174
4950
2609
1993
1371
4472
1106
3318
2895
1303
64
2515
2675
1253
4824
2667
201
1251
1580
548
1446
2396
2823
4278
4909
1971
2835
4103
2030
3424
1188
20
1646
2339
2381
743
257
2731
4467
2382
1382
2476
2502
4541
1512
1410
2453
4327
4232
152
3651
4772
2086
761
1715
4254
2548
4575
4315
3730
4358
2099
2821
2712
836
4005
2429
3374
4869
3553
4384
1982
473
3466
4580
2599
1118
4407
4383
3426
151
3066
1615
633
114
2499
1939
519
4861
2148
1333
3487
2302
3196
4850
386
793
4599
2239
4586
4320
1774
4703
371
1350
2937
3877
2210
2406
1483
3037
1794
1077
2254
926
307
1143
1259
113
1956
2890
2282
1046
688
3762
2075
2029
1028
1942
1571
1652
372
1750
344
1241
2767
4777
278
4886
936
4241
2758
4225
2421
3022
143
3121
2955
493
2425
2462
4087
3261
292
1717
99
4218
1949
713
3307
3659
927
3235
1959
164
4108
4363
417
3229
1702
2366
2364
3742
4755
580
3174
86
2034
2238
2888
4399
3068
616
161
2329
3512
314
3908
3502
3929
1773
1437
3402
75
4637
728
2444
468
2474
1423
3291
46
1654
425
94
4415
2041
1505
3779
4431
4069
3030
859
1166
3195
3927
3556
560
2805
3687
1618
1474
2397
2452
992
3662
4670
3133
1365
1804
2305
2692
3799
742
958
1665
1163
2158
1269
4833
1013
4918
4026
2323
697
1137
1082
1543
162
155
4948
2291
313
4518
3222
2459
2977
620
2663
3611
2442
3372
1130
1407
123
4720
3435
2963
4177
4858
814
434
4787
1701
4353
3541
2331
508
2745
4291
4264
363
3888
3956
3369
2273
1257
1808
1001
2973
590
310
2401
3249
1014
504
4245
2024
1552
2473
2506
1947
1297
2845
385
2903
2350
1807
2259
4389
1464
2181
977
704
4598
3860
2738
239
1965
4156
2077
532
1170
712
3166
4181
3901
196
3826
2530
4926
2543
1911
1062
3320
2087
2635
3007
2577
904
4496
4514
2120
3562
478
1640
2025
3269
2477
4535
3045
2195
1866
3409
1566
4268
4253
1877
4151
392
1924
990
1420
1769
1211
1590
1871
828
4608
1540
3285
1070
3865
815
1762
3477
1828
2933
338
2131
3417
2225
1783
4813
3364
264
4911
125
3920
3442
4507
767
4352
735
4597
1666
4606
365
1785
2627
4179
915
1780
190
110
2450
1950
2318
4913
2160
1416
2680
3883
3254
4716
2035
1112
229
4890
335
2859
4347
3413
2734
2144
327
1066
1802
2003
4054
4818
1821
2633
4191
2704
2763
4102
643
2991
4773
3656
2551
1145
3207
1500
2760
2748
2585
2934
584
765
1467
4648
3401
368
3600
556
3171
1228
4765
1147
4263
2385
3085
2518
2544
456
858
3335
772
3868
474
4448
3793
84
2970
1515
1225
3139
462
2594
4930
4001
951
3624
3164
1830
1319
938
2107
549
4719
1124
149
4333
2749
968
1837
2817
245
2829
880
2684
4250
4117
3360
1074
4642
3909
2263
4130
1568
4029
3542
1489
4741
2729
4009
1304
1485
4114
1415
1220
3642
3974
659
4581
2673
3728
139
3017
4359
2899
4488
910
4560
2064
173
725
3977
4332
2376
2733
3032
3001
1080
3810
2906
3950
43
2794
2317
1626
2192
2487
1664
2495
2942
3610
3842
418
3955
61
1153
2886
26
1299
3698
3547
2033
2104
2276
2876
781
175
526
4208
4723
820
228
610
3490
4788
74
2508
4490
3488
1149
3568
901
3958
4846
4803
1101
3953
93
2676
3440
4312
1345
1792
4667
4486
319
3355
2939
4621
4032
2785
1047
3511
879
4499
2280
2922
1470
3414
3500
2950
3984
2772
1940
1331
1609
3338
569
98
2028
1893
2948
3375
2408
3405
4319
3132
1336
2319
361
1277
4877
2082
3864
3397
4722
2795
2754
782
3645
4987
4931
3505
1055
4837
4664
3748
794
763
4712
1176
438
4288
2498
4451
1052
3063
839
2180
3039
4226
2027
4595
3073
4096
1782
1086
4256
559
191
2448
3136
1711
651
3587
505
2918
2800
3870
582
3647
1156
3481
4517
2555
1858
4655
3178
491
1958
1849
790
358
1204
6
581
488
2095
1517
1127
4710
3192
4390
2296
1693
2132
1116
2980
126
3412
308
499
648
298
2951
3657
3819
3113
4959
429
1525
1243
2960
3081
2136
2962
1820
2848
3497
3867
641
4762
587
2987
4862
1044
2538
3358
4998
1889
485
3458
31
2911
1305
2869
4125
3622
1452
2786
4008
2159
2655
464
2430
2880
2209
3234
578
3781
1560
930
1071
3736
4138
255
4385
186
3161
1966
3643
1864
389
3709
4059
2292
540
2689
783
3723
1636
4329
4307
917
3381
512
1879
3697
1222
3420
1354
2868
2335
1747
2600
1385
4064
1803
4543
4206
3592
4302
627
2201
3833
2103
42
4985
3814
3168
4153
996
2968
388
821
3726
2187
3510
4182
3893
3972
3946
3658
4437
205
3065
848
4553
2563
207
3019
2142
4351
853
4168
4221
2293
2451
3706
2584
2931
1692
4812
3627
2208
2777
1462
1432
3117
2434
4304
4146
4317
1723
3484
413
1057
3932
397
3673
1700
3
1402
4004
3668
2379
1265
284
1279
3890
3620
615
720
2553
1795
776
4443
2840
941
1610
3733
3767
1031
3140
2592
1078
1575
2959
2626
2117
4132
33
302
3636
1767
801
1258
4676
3894
3983
2887
4261
332
644
896
3646
3097
1920
309
4782
2211
2405
4698
2089
3994
1984
4941
1699
3180
547
1427
3334
3453
4342
3403
4244
3083
818
3280
2759
2659
4184
3758
2489
3554
2789
2983
1683
2407
3892
871
4990
306
1862
2420
4306
2141
3788
2726
359
649
571
1593
4851
1443
940
3824
1029
156
150
3201
981
4446
1518
4613
918
345
235
1650
3731
4374
4928
3757
3451
4520
395
4042
2039
2147
1322
104
3655
1554
4906
1356
2496
1422
4940
2251
4591
1558
294
2910
2622
4706
3101
148
4903
1758
4000
3735
2854
2851
4350
2274
2193
1411
1985
4482
4982
3740
1081
3028
1231
988
3213
2511
2175
1817
929
3693
1079
15
3295
1091
718
1017
933
1460
3523
3485
1616
1332
4145
1796
4158
1850
3361
4425
2068
2580
2836
2122
3429
778
2475
4039
676
3118
4808
552
4685
1397
1421
3283
1300
2414
3191
2813
2653
3859
2438
550
4876
455
0
2295
4157
2079
4843
1883
4885
1492
3186
2422
3384
4956
1174
1378
4501
4119
2139
3215
3034
2520
1138
1586
2927
2914
795
1619
682
4413
3427
4305
90
4016
1165
3533
658
1428
1865
1928
2662
2707
48
4678
2439
1907
3891
1520
531
253
3520
636
2994
2912
346
717
70
3119
8
1234
4217
2586
1705
2007
3329
3492
2889
4013
3137
719
4465
4554
4639
1008
4866
637
2447
1393
2533
3507
4057
4555
297
3609
4129
4652
2882
4800
2682
1502
1140
3491
1343
3681
3607
4188
1310
4880
1602
2862
4538
706
4394
442
3317
2761
3428
4371
4563
1139
357
2988
865
2719
4249
4707
1273
3791
1048
739
4475
3690
4365
3872
179
1324
2679
1184
4630
4324
2004
2316
1042
4106
4870
3047
1604
2415
4237
246
3499
1497
4632
3713
4368
737
373
3589
4776
1535
3041
444
3025
3050
1933
4079
393
4143
1579
2270
4718
4668
1353
4220
4791
3396
741
4497
3325
2346
2021
4081
602
2015
1111
4175
4442
2370
4592
4600
2170
1290
271
1917
1012
2326
445
2732
3116
1457
823
3917
1594
317
773
3368
3464
4215
3260
2358
1832
146
535
529
834
3343
3221
2624
1649
3125
1786
3879
4089
1656
3755
140
4743
1886
2976
3489
4285
1629
4969
1812
141
3544
2664
611
4657
4212
3321
567
4910
733
791
4677
183
1223
3928
3855
265
4556
1425
1085
4292
4193
4873
2127
1451
1913
4491
3882
1600
4925
1072
4003
3241
3009
398
1494
3156
1455
225
3701
2164
3801
168
614
1159
3652
1391
1855
3535
1009
1461
1358
3064
4078
4326
2061
626
501
4234
2558
4891
2472
4094
2202
1964
1935
212
2645
2694
2705
2616
3503
2368
1083
3217
4934
470
1372
406
3472
4105
1073
3588
1694
2203
3574
1119
1728
2483
2461
4316
694
4779
4255
3926
396
1868
331
885
3794
4874
4868
2647
2865
4090
3115
757
1818
2573
4908
4781
1998
4148
3752
1435
3190
1724
374
2892
486
4855
3980
3088
764
2860
1565
18
1183
502
269
1682
111
4624
3486
1179
4011
44
4493
4548
606
2603
1681
876
4091
4616
3670
1291
2178
3258
2165
4198
4341
4190
1363
203
1824
4687
1388
3633
1096
993
4607
3377
4875
670
4279
2590
842
1719
4691
2909
536
4487
2591
1903
1268
3330
2961
4216
1284
390
2253
3590
4330
4450
4871
2124
645
891
2741
2864
1799
1450
4589
1846
4361
4166
2109
1193
4104
3479
2138
1551
2945
1930
3331
2500
1614
1919
4638
4523
1706
4680
490
2186
4883
285
2222
4582
3279
635
3233
3270
2654
394
555
1726
2739
3688
3737
1307
2321
3212
1990
2501
1772
995
1658
2657
937
2226
4752
4935
4037
1753
1123
732
3880
4849
432
2005
681
4398
3850
2587
4704
4967
2053
1630
1856
3391
3930
646
3332
3480
2625
3109
3383
3044
3912
1578
760
1065
2636
1510
2353
1732
4601
348
2510
85
2999
2752
4914
868
1932
3753
622
3159
3071
2904
3765
1276
2014
1730
3599
1704
1798
3918
3106
2297
799
3311
517
787
671
863
439
2080
4275
1283
3054
3923
882
3812
3581
4962
1623
36
3778
4916
1926
241
1585
1256
780
3416
3393
4955
2128
450
4610
3495
3844
1196
813
1674
1749
3960
1591
2055
4944
283
4073
3534
3640
2678
1213
3707
2784
3058
702
2441
855
654
2036
4354
947
1878
4761
4219
3828
2356
1663
2278
4062
1638
1672
686
4929
2121
2742
3970
122
4480
494
4622
1289
897
2540
3474
3284
2769
1326
2118
1142
1851
4070
2155
2581
1529
3350
4126
843
1286
3621
2677
2410
2481
4161
2695
3036
811
3003
867
1603
2188
1340
2101
2787
3390
710
3623
1661
124
4827
1721
3531
2105
3070
4749
1088
1751
2069
4802
3153
2921
539
67
4774
195
3663
1068
2796
3786
4763
1379
2920
3245
1201
238
4976
4936
1645
1480
3829
3575
1909
4892
2286
4403
2631
2261
1360
1229
2411
1906
1642
3211
1587
463
1383
3827
1527
3206
22
2926
172
1146
2285
2217
3134
1426
3352
786
819
2204
4801
1564
4068
3389
2774
184
4799
1523
2756
2200
4420
4048
3672
4144
689
833
3679
272
1063
1979
163
2605
1006
949
1976
946
3395
3259
1302
1396
4943
2497
1988
3769
2314
1490
4303
4311
2824
3563
3267
2177
857
1757
160
3344
4473
1538
49
3760
2698
1901
3155
2588
3400
95
878
1348
3386
2507
4897
29
1833
997
3033
3968
4211
2799
3024
1148
1997
3889
1921
1567
3102
2236
2493
2844
2375
2919
1175
3792
515
3313
3297
1018
4552
2097
4051
1882
2173
755
894
510
3559
892
106
1737
840
4626
4100
1430
751
182
2812
1095
4815
2907
1891
3887
2898
1161
4816
2306
375
4561
2046
3784
87
1941
3939
4544
3398
4293
971
1384
4112
2065
4783
2908
4854
3803
2384
2866
3948
3365
4401
3263
2641
202
829
3704
4031
1687
881
3635
911
518
4747
384
1020
1395
3082
563
1463
4276
1972
273
845
249
3857
4267
561
4388
2338
2648
447
4223
521
2665
2982
1487
3160
592
217
153
4888
3075
131
1563
460
4045
2877
1282
3903
2711
1801
3619
542
2893
1671
1486
623
3664
1670
1731
1003
3090
11
4840
73
4318
3866
2725
4290
4809
4149
2546
3875
3167
1164
4933
1810
3218
3613
1768
83
523
1454
1647
4583
1346
4734
2807
2565
4845
634
3551
88
2623
2943
2957
2189
57
3062
2
109
360
4509
957
4202
443
4615
596
2766
4536
3671
3264
4753
3886
647
1475
1362
3059
4671
1961
1499
3143
2964
822
65
1826
2905
1233
4367
1334
4526
2012
3203
533
2567
4207
4074
4699
3096
3388
3691
2279
3238
2374
4072
3471
3175
4983
3914
3959
575
3941
3853
266
4757
4296
4593
3759
4820
769
3080
38
2466
2491
1004
103
100
3618
128
1875
2162
4377
715
1248
4470
3357
4122
3910
4434
3675
3052
1927
370
1509
4461
939
1187
2443
554
4587
1200
1099
2967
2212
3008
1104
2535
816
4021
1910
3308
3638
379
4405
2841
2445
1479
4160
364
4046
40
3380
3288
4605
4653
3680
222
2130
4131
381
2560
3957
3832
63
1635
3641
430
2849
3895
2299
3183
4423
1764
2151
2801
4675
1022
2828
4628
2728
3571
3952
913
4186
991
2830
2394
1669
1352
2978
2328
2853
844
1274
4018
2780
3995
994
2081
851
976
856
520
3051
2765
1873
1189
807
3785
1132
198
698
1844
3516
3446
2322
497
4258
2751
1186
3084
3695
1734
3278
4109
4898
4754
3962
3922
2373
1178
4516
1955
673
4974
2154
1477
4025
3508
3312
2123
796
566
964
3694
3354
2768
1034
4619
2479
2523
3593
2519
1742
391
1208
2309
2891
296
3158
4993
2878
1746
546
4832
2683
736
3851
4702
4485
2674
4522
3716
2809
4061
872
3776
707
1686
4915
2798
513
2372
850
1227
1126
21
3289
600
3469
4636
557
4277
1905
4410
2699
177
4758
428
3807
1599
3595
1043
4609
4721
4502
3692
1293
489
4994
2825
899
803
4228
3411
2915
262
4646
2017
187
3299
4056
3971
3782
1825
4456
1884
2233
3494
4173
4590
2242
484
1797
4663
71
421
2713
4966
4574
2362
4805
1831
3913
956
1895
3608
2873
935
948
3714
954
2569
3916
1673
1679
3367
2775
4596
4566
912
4052
2078
4063
3724
1035
1254
551
1827
2129
3226
3436
3351
2541
4476
3322
3018
2110
352
4282
3739
3060
509
2108
4230
12
1822
862
4118
2249
1351
1761
1954
1915
240
1931
1242
4489
3431
2582
565
4099
2981
4766
3557
1309
3276
2378
4635
3333
900
250
2885
477
2996
744
1128
4429
3122
1899
2454
4380
1714
752
3379
3242
4895
321
2231
1424
3598
3124
3349
2332
3856
579
2070
2990
3005
2672
2578
4534
3676
756
3836
2163
2779
3055
3529
1534
2307
3399
188
3077
3177
4828
4679
4419
1203
3845
199
4454
4030
4730
1347
137
1323
3719
1359
2589
2610
2660
1342
1778
4822
2458
1857
2224
4863
3131
3515
2896
2416
3935
4790
4604
431
1472
3907
800
2455
2778
3597
804
1135
2045
3292
1789
4002
1748
1708
3603
3056
1639
3498
2843
216
251
1689
3128
180
427
1108
1784
342
311
3294
4817
4328
2206
1364
4494
4923
1781
2874
3023
4178
4881
4492
4235
726
2484
1511
1601
2652
3346
3572
2313
3931
4795
888
4141
3942
3796
2542
650
618
3046
343
4412
4651
3997
1440
2782
1735
1444
4243
2213
2367
3665
3265
4965
4345
4727
1120
4325
621
3777
609
4252
2954
3315
3921
293
4659
2418
2387
2042
158
777
189
972
3517
1491
4422
3990
2649
233
3700
2564
4620
543
1
1900
625
4963
3169
2038
3991
3947
3087
2556
487
1262
585
4576
4154
166
3586
1713
3749
4274
810
1026
2386
295
1953
998
2002
2607
4922
2465
2324
2371
723
4688
3550
471
3936
142
1321
263
1216
680
2746
34
4806
664
268
608
3336
3696
4120
1210
1355
2460
4200
4067
4075
4819
3438
2596
2403
2377
4865
4696
1625
1235
1000
3876
4975
3228
4567
1011
4997
785
2601
4830
1036
4882
974
1456
2427
2390
1637
762
4313
1987
3376
4953
3849
3408
157
2172
729
1038
3519
4792
282
3468
4238
4577
2814
3666
4951
1631
2514
2550
3470
3976
4618
1102
2062
4692
2634
4901
2710
4972
3899
2449
1595
3454
4551
4505
4273
211
2913
3120
4529
2965
2702
3594
2266
4796
4336
2207
252
1296
4759
1131
208
1295
451
2018
3303
80
4123
3026
4180
3031
731
1752
3537
3985
3727
3604
3496
3149
861
902
1765
4644
986
171
4579
1763
4992
419
1530
4986
1185
4115
1157
979
3884
2740
4623
1206
530
3144
356
572
224
399
4204
10
3937
3667
274
19
55
322
2554
3237
4441
1246
3522
3286
4084
2031
2063
2243
2388
2016
72
3606
3986
3902
3099
3103
4549
594
2369
121
341
328
3108
4736
1526
893
1368
4961
2985
1271
4481
3142
3410
922
4386
4745
2247
475
242
3639
1389
3577
959
3231
1787
1522
952
3444
405
3881
4192
3366
4381
3148
4889
4735
3634
4196
4717
4662
448
2359
2051
2171
4140
4571
1809
1275
1133
747
3157
3296
3430
286
1503
4807
4693
221
2857
2613
903
433
247
2833
870
3185
2440
1573
506
2894
3830
1205
1192
2437
2320
1524
4513
316
4408
667
724
127
2303
3536
1387
1244
1943
1622
2940
722
4760
3465
4027
2593
4107
3138
2686
3906
45
1453
1317
3570
624
1418
453
511
3685
2115
3281
944
1859
1459
864
2246
684
4884
2966
4879
2308
3996
2199
2084
2198
1238
1521
1725
4570
4427
206
4376
960
2340
3847
890
4098
875
3848
4748
260
4964
3091
2822
176
3648
4088
4672
3209
4396
4825
4695
4614
3683
1214
545
81
3326
3298
1270
4740
3509
953
2708
2485
2788
1729
426
779
4369
2237
178
4038
4281
2436
1429
2380
2658
1217
709
2639
1109
7
2072
2205
4287
2227
4271
1506
1612
58
1904
4531
3938
2995
603
4310
4835
3253
3305
4823
4409
3450
3702
4899
2513
4171
4036
1245
4744
3079
4248
3363
2169
792
4435
254
2262
2113
914
699
884
1641
404
4954
2336
4071
3104
2083
3182
3582
3200
4022
2149
2383
4469
2088
4640
2252
2883
135
414
1468
727
330
1320
4771
52
3945
906
835
1819
27
4641
119
1755
4750
4658
2283
3561
2457
2521
3871
1473
1597
1806
4814
3038
4669
3750
1676
53
4804
3504
4357
1154
1030
1948
1366
4946
2517
1508
721
1759
4856
3838
4370
2884
1144
4617
3455
2400
1089
966
334
4111
1544
3048
1986
2776
1370
3966
595
2337
1655
3188
422
1657
3612
1105
826
1771
798
4010
4136
3790
2260
301
1549
2351
1885
2615
3093
945
4902
805
4343
4356
3100
2092
25
2547
1152
2819
219
4838
244
14
1040
883
3225
2409
383
4661
4199
2111
2100
738
3682
2355
2595
4545
708
2456
2536
108
32
1545
69
4047
129
423
492
612
3404
2091
3467
1816
1311
3712
3809
261
2009
4724
3744
4559
4213
2644
4348
2716
4082
2229
2478
1606
1250
1392
4049
889
2947
1327
2277
1872
4564
4406
3478
2901
2094
1528
1016
4172
4927
1369
3220
3151
28
2272
4725
3061
2946
4426
92
3089
4708
4705
1960
4860
3808
1929
2720
4991
3434
1937
1651
942
1002
1537
4625
3549
3579
2216
1620
2974
454
2026
2011
3086
4715
2762
2269
2257
3448
4286
3337
1150
2747
2140
4949
403
788
3123
1252
4418
4836
3074
3230
3720
4958
866
2632
59
4932
3764
1357
989
3798
4602
3356
3964
2566
4478
2174
3944
1680
770
4746
3616
2426
3461
4656
2153
3092
4519
1912
1314
3415
4404
2391
4937
3815
522
3181
1005
1555
4682
2574
1892
4428
3324
4041
3277
806
2737
1811
1469
3525
326
514
2255
2348
3252
467
2717
154
2872
2571
3817
2298
1546
2969
3678
2096
1532
3095
573
4150
685
3831
3967
2152
4339
4201
2304
3141
1842
1121
1236
4848
305
4711
1049
3300
2179
2539
2930
4834
3078
2986
2753
377
4533
2490
3684
3761
3339
1076
1084
4546
4058
2522
1607
289
2640
693
3524
824
2972
2221
1037
2701
2480
4654
3580
4643
4767
4301
692
2666
1853
3406
4355
4314
4034
831
2137
3462
4627
3273
51
1992
2102
1087
4295
3538
2176
1733
3787
1815
1936
3896
2492
2048
1218
2617
3197
1775
3302
3721
4905
1519
597
1481
290
353
2183
1054
2870
1117
4979
1977
754
3677
232
2936
1562
1710
2404
538
1703
4878
3443
3247
4904
277
4239
4247
1433
4714
2150
267
1841
481
2290
4588
4387
2858
3818
3546
3576
3243
2214
4393
734
2032
2512
3949
281
2223
1232
1684
2509
2900
4768
975
2668
78
1760
2310
2938
3565
4076
2771
3773
4572
3445
4960
607
4484
4077
4785
1090
1995
999
2545
1583
4127
2191
2167
2861
4515
1685
613
325
1260
1677
3545
1791
678
1908
3911
4907
1756
4797
4085
4697
4257
1608
1561
666
2482
3846
2838
1059
2792
3053
4280
2619
3126
1922
220
3711
4015
2583
3789
3251
2040
2389
1550
4498
4826
165
1836
2669
2392
3591
4945
