2584
3129
2615
2312
3100
3325
50
3003
2096
4021
2537
288
2919
2524
2634
3714
4486
1425
1034
4323
2862
3894
2973
2461
2710
4454
577
3264
952
1090
3960
1859
4339
1443
2045
2194
579
90
3725
9
1495
3523
3659
1677
4304
945
1445
1093
4436
3513
833
3890
3490
2712
3073
4191
1101
4654
675
1188
1082
2068
2791
4146
3413
2399
1133
1474
3553
1008
2275
2900
4925
3758
3144
3363
3472
3142
536
3314
2054
1444
4847
1739
4866
4893
711
2313
3033
2127
2694
1284
476
4154
2747
1620
3483
3432
2144
1361
2255
3262
4433
194
4014
1960
4759
453
3976
3639
563
2818
1866
4240
4648
93
2035
4474
4985
185
4829
2329
4023
202
3697
4953
4753
1387
2204
1582
3920
4186
4536
4113
3299
1074
4502
3390
4353
1756
2108
258
554
4642
1358
666
1331
2366
4769
4049
1537
4822
2374
2885
82
1867
4157
3994
1500
1512
4742
2651
2402
1832
4326
985
606
2580
435
225
2257
2442
360
4488
3174
2263
1545
4271
2036
3537
2483
1110
605
1776
1414
561
3346
2140
4209
1858
1616
3992
3231
2131
1272
223
3932
1827
1163
4924
286
271
1860
3773
888
2226
4462
875
2719
3843
1321
3959
955
2553
1994
4250
4998
4598
750
4282
4305
174
3597
550
1913
429
263
2762
3975
1562
2323
3242
1868
1948
394
3539
585
1259
2689
1897
3348
4098
195
834
2208
4969
4347
4289
559
1351
2629
100
1590
593
1202
1758
179
2545
2571
1585
3244
2243
392
2217
1314
4779
3591
3599
4030
2985
4472
2755
1746
866
726
4134
3315
3296
4912
4988
301
4897
4307
3280
4039
412
1027
4824
4396
2448
4931
2744
4007
4960
4591
1190
2490
2670
3338
1231
3398
2782
2088
1998
3109
1173
2267
1085
153
3416
4203
960
2725
3691
2884
2684
1716
4965
3841
2786
1287
376
1971
3183
84
3872
3388
3311
2706
226
133
328
1456
3940
1024
3023
4369
389
2405
159
2847
2610
3655
4773
99
3910
4681
2630
3482
1457
1999
144
181
1131
1327
4837
15
835
3702
4572
4264
4149
52
2682
1203
145
2927
2095
3111
4303
3369
276
4705
4613
1263
2170
169
4035
723
4673
4356
3581
2276
2906
3101
1422
1268
4974
2667
1997
54
4574
4645
674
2444
2779
2435
3847
2166
2352
4482
2761
3169
2158
468
4672
2055
2347
4776
2829
1296
4792
1778
2917
333
3044
2531
1815
3619
3929
1864
1235
651
3562
3943
957
950
4382
2989
928
2763
2040
4949
252
447
842
4632
3545
2083
588
4404
3646
1246
2642
698
3822
4467
4608
2883
1840
4302
2882
4684
2011
516
1954
1401
411
3926
3445
4858
2468
806
111
3598
2192
2486
929
4383
2848
4306
4091
504
3013
1378
4610
4343
1792
4103
3465
2878
4643
1405
2573
2084
1850
4463
2421
1554
4618
2669
17
2870
359
4081
4625
1694
3353
408
4439
1691
3193
4901
3122
3331
2493
4972
1939
650
1699
3052
607
2438
575
3817
3694
2925
4758
3530
3590
130
479
4531
2348
3324
543
3990
1989
3249
4451
658
1825
4141
4825
1077
3181
3427
3550
331
393
1281
1088
1612
46
638
4335
4602
1237
2678
3596
3446
1004
3278
984
3647
573
2926
2974
47
3600
3880
1109
1599
2378
722
3548
2175
4496
2135
3761
2683
2671
269
178
302
2139
2866
3396
3355
3332
802
1747
991
3811
138
2138
1121
1598
3871
2225
4200
1064
4022
469
2735
2801
278
3748
191
602
1771
4904
481
3030
3945
3670
2114
1367
1876
3220
2648
1918
4398
534
4544
4298
2768
958
3606
4274
4010
3139
460
3757
3972
1710
63
3995
4783
3777
3117
2037
3859
4183
3148
1169
556
3664
3610
2080
3508
1520
2992
2680
3962
3807
752
4036
2587
3608
4175
4510
3744
1762
781
3115
241
1861
1871
162
3507
1853
2473
4139
3387
683
2141
2932
1016
3337
4755
1380
3651
3858
1798
3025
4351
1635
3103
1258
1730
131
707
1193
243
484
2899
1702
1619
2588
993
3833
1283
3386
4414
4774
1995
2824
4943
4000
3529
4492
4176
2381
4919
3829
3359
1395
953
2961
1159
4062
1645
2491
3039
3214
3656
2460
268
1578
12
74
3728
3949
1342
2858
883
48
2820
4008
824
1428
3688
724
3268
3096
4094
404
4944
3819
4100
2952
4565
3421
963
1277
712
1435
4105
3467
2091
332
403
3844
2963
4361
3434
1955
2941
2285
2154
1069
4052
4292
3298
640
1660
4478
2355
2702
1170
2978
428
3874
4350
1075
2317
1738
1240
3526
789
2790
2977
4696
731
2653
3086
1045
3810
3034
1826
2972
448
1751
2368
3329
1748
3456
2659
2105
1023
878
3538
3627
399
2298
1912
213
3453
2953
4955
4631
4687
3917
4247
3911
718
4334
3809
2060
4002
3226
4813
2690
1729
2245
1577
2167
4859
4533
1437
4620
2050
3233
3892
2547
2201
92
1875
1881
4437
2585
3373
4848
2471
1138
2724
2176
2379
3602
1372
4695
4426
4616
3241
2769
4929
721
1106
1141
787
4237
4772
2102
3318
2739
299
3356
523
1261
2498
2586
4596
3006
3644
267
1102
113
4096
83
1549
123
2441
330
2843
848
2530
3056
1692
1679
3754
3156
4337
3243
4538
339
969
576
114
597
2302
3154
4453
2155
1602
4724
4321
3118
2729
433
66
4452
354
2943
2344
2509
537
2701
2049
4537
1040
1726
727
2403
439
3955
3248
187
3763
3211
4887
395
872
4995
229
3486
800
71
2331
4522
4318
2772
250
4245
4520
867
1742
1228
2987
210
400
3436
4249
1290
2499
196
4181
69
2614
2148
813
4126
775
1534
4627
3727
4117
2082
3031
1921
2205
4952
2077
367
3175
2945
8
3078
4015
3987
3707
405
3135
2543
3082
1966
2424
4224
1310
639
2130
363
2239
1817
77
4840
2716
4389
3007
3577
2728
4226
2247
3834
1551
964
3417
3055
788
2156
58
3106
2390
3452
3965
569
2314
4391
4957
4789
4913
401
4435
1754
609
1097
2234
911
4942
3384
704
157
676
2546
335
2565
817
3002
3573
2213
3511
2929
2971
3556
3613
1965
2975
2363
3856
2603
1384
37
1375
253
1938
2453
3706
1329
2242
4050
94
630
4940
4635
4621
2094
4032
2306
4977
3460
2960
236
2794
2398
2018
1834
4205
2010
3886
3996
2561
1349
1219
2311
3202
4115
3623
2281
2343
2262
4024
701
983
3009
2799
2478
3091
1238
1385
4164
34
2452
2409
1189
1015
4962
1843
647
458
2890
1900
2758
4827
342
1415
1640
2277
1164
4694
635
3919
3116
2964
1013
4070
3012
1637
4210
4527
2233
4330
2327
4500
4991
4281
2346
2228
3270
1735
1526
4624
3079
1000
3105
1546
2120
1051
3075
629
4208
4671
988
3771
341
4689
1030
3107
4547
900
4499
4315
2980
3026
2593
3798
1624
3557
538
4987
4926
1055
193
2998
1715
4079
3722
2802
1497
1124
3366
492
3238
1354
3916
6
1366
4518
3406
3224
4038
1905
180
2991
1988
4168
4125
3687
1289
4814
1930
4659
1404
471
1981
3250
2292
2501
2859
2070
2738
2006
851
1315
4033
4455
1818
1737
3137
4171
2319
4296
1177
361
4780
1005
503
2145
2361
3946
884
4447
4950
1328
3571
3263
1749
2264
980
1744
4546
4964
3237
1411
4464
4104
2705
3433
3088
2756
1035
1475
4043
1309
4811
4554
3322
4922
4570
1693
4867
1540
913
784
0
2838
3498
4856
2853
1916
949
340
1724
869
1432
4743
4806
2867
4471
2400
4569
2389
1750
4906
1057
2051
356
4880
2309
4074
2236
262
3227
1039
780
4287
4061
1250
3083
3132
2182
2173
1553
2604
519
3868
765
3431
382
4690
1982
3266
154
2676
150
4006
4262
2815
1639
1506
3255
385
2193
3380
4417
3938
3059
1533
3016
4040
3155
1896
1107
98
13
4898
4676
3495
3047
1851
4261
4286
4615
1140
4947
1492
230
1223
975
3922
3957
1574
4923
143
2086
4761
1056
3958
841
67
372
4136
4206
141
4204
838
3531
1514
1605
3789
4936
325
4668
1686
3948
371
2868
24
4090
2188
1374
2767
1247
1175
2731
4019
1928
2422
2191
1442
548
1607
4234
3770
2609
3357
461
3769
700
3008
4990
2066
1482
1907
886
2793
3787
2129
2617
3680
2335
2658
1441
1139
4900
3672
1365
4927
2067
3049
119
1192
1614
240
2506
2893
18
811
2636
4501
2819
4473
4730
3988
3062
2513
4172
3367
2087
4688
4379
1436
2833
391
1122
3796
3015
2271
3724
4595
2601
2482
1491
4934
3925
4275
2014
2203
996
2839
292
673
2512
407
1248
1504
1611
3762
3160
1608
1625
2514
2596
3765
377
3126
4719
1968
637
2013
3178
1953
1596
2451
2227
2428
1408
437
4405
4581
2766
4358
1676
4791
4135
1359
1575
1879
4026
4568
2789
1488
4089
3281
4425
2931
3906
2206
1813
4388
2559
3310
583
2198
2570
4188
300
2450
2107
2618
1779
2846
2404
2997
4198
4855
490
4607
2222
383
2904
4669
2696
420
2895
566
1136
2211
636
850
3825
965
4377
2590
165
4082
2737
132
3391
1225
4444
553
2743
3867
4622
709
2062
1594
751
4178
355
4325
4883
3186
4332
3839
2909
2936
3632
1155
4348
4366
528
2354
2912
309
3579
3831
1244
3891
1505
4099
738
2708
3635
3648
4871
4457
3852
3674
1326
1426
1165
2215
2854
1944
3643
3741
2184
1689
4771
3170
106
3699
75
1973
2164
4431
3934
4784
365
4345
804
170
480
4830
4890
1026
4551
776
109
4058
1655
2611
4093
4088
199
4498
2487
3496
1416
2318
2722
627
4567
1980
1156
3690
2427
319
819
582
1381
948
4748
4545
2711
357
186
295
4978
3381
4542
4385
4720
4564
3110
3671
3520
1583
3053
3205
2033
2207
3360
95
4155
4386
489
2297
4815
1652
1241
2814
1773
3546
1600
2458
1014
4644
4114
2216
4107
669
684
4698
4279
1857
4228
4682
1312
986
16
2982
4152
3853
3836
2560
4553
3720
4277
3162
4352
1054
2850
1207
4101
3783
1393
3364
1115
3902
3870
1510
3470
4046
868
510
2627
3094
4507
4060
1112
1622
853
4411
4341
1630
3273
2520
3297
2185
3403
1682
1458
1391
1012
1847
1480
825
336
3072
2437
4862
4128
1544
746
4726
4967
3755
1662
4523
3851
610
4355
3944
279
2597
1463
3307
2806
680
4600
3454
2125
4078
1098
1417
2718
4068
3177
1229
4044
2947
184
2047
3650
2063
2118
578
464
4515
4413
2334
4122
2280
820
1118
3412
2535
1890
595
2891
4895
103
3686
4316
2123
2852
2704
2116
2626
1330
1345
3289
3693
3194
1523
1801
105
2834
4490
2477
3440
3826
2539
1970
3857
1206
3860
1234
2903
1768
4121
1224
442
641
2869
1264
1305
1125
4808
4807
224
594
248
2357
56
168
3333
653
1319
1003
4744
1120
2983
4790
27
1911
4992
491
2219
1257
539
2923
4843
4667
22
3716
3037
655
496
2469
2252
227
1877
2984
3345
3736
525
406
2715
2466
3667
1483
4534
1144
4450
2283
3678
2962
4504
1959
343
4166
4225
3303
990
681
2432
4028
4823
4438
2688
1956
1255
1368
2969
1462
3778
702
3799
3149
4838
2177
2612
3675
4712
2078
4280
4258
4680
4131
1232
2248
4854
470
1486
364
3097
4216
1049
1610
3971
3371
4514
86
1509
3970
971
3595
2804
4255
3968
190
3840
1452
4524
3865
3335
4954
1266
1037
1447
2542
1127
908
80
3301
2875
4805
4708
4714
4762
1734
424
3848
1530
4119
3001
2330
2472
1917
1402
3999
4276
1556
4804
1453
321
2996
4902
598
4427
4506
2303
3157
2152
2085
1564
1286
4738
1050
2249
1324
1933
1316
1353
2384
1513
2481
4202
49
1895
2446
4946
4167
3888
3980
3201
1068
4604
284
1633
1341
1300
4756
1132
3746
2832
4704
2605
972
1571
1130
2261
1708
1226
2456
915
2110
2781
2822
1668
4757
1972
4697
3838
547
3405
4560
3070
327
1788
1542
2221
4609
3514
4870
3215
3125
4794
3905
3408
1046
1777
3420
1809
2147
3525
3011
3188
3637
3788
4253
1317
2136
3477
3501
4763
474
3603
2887
1161
4368
4336
612
852
192
4589
1210
2956
2457
3580
4958
3947
2662
816
3128
1799
351
2270
1579
4324
762
3509
4853
1741
1790
483
1320
1931
3334
417
3351
466
679
1363
4851
1152
4555
3159
3684
4075
2254
1667
1430
2526
1501
3850
3424
3864
864
2924
1470
1267
2575
540
445
3696
2621
3300
4047
3428
3045
4561
3502
2550
1696
1494
2121
3448
2310
1923
646
3574
648
1293
4860
3276
1559
2591
3058
4775
2784
1420
2020
1364
2408
4236
1292
1659
3419
4300
4525
2333
2504
829
45
2337
1586
4727
4087
1249
4194
1920
4865
4140
2183
4578
1714
33
1641
3071
742
2616
2273
728
4526
1434
1066
1243
3343
3189
434
527
1006
2754
924
1752
2008
521
2697
3234
1396
821
3462
774
3903
1885
4373
3068
1627
2265
1891
431
1516
962
823
3426
2112
1974
4626
2463
1664
2608
3594
4751
4354
4112
3239
2511
3173
856
426
2410
2635
4145
4392
592
2579
1924
3797
3806
3076
584
644
2169
656
3804
4340
2124
1632
303
2881
1108
3923
221
3063
3913
3739
1934
3695
3801
4665
3080
3065
894
2657
2914
4646
863
4246
839
1811
261
3218
4675
4732
1502
214
3524
4011
1072
3393
4662
3442
3749
2892
4005
1439
4041
1340
732
1230
2863
3640
3430
2734
1091
3061
668
3721
882
1018
2637
657
3085
127
4055
733
4416
667
1307
2536
3629
4816
1413
1566
2888
20
1215
3931
2391
3114
4056
281
3904
3104
1017
1755
4331
705
2165
1477
2518
173
1884
4319
3554
3535
4909
163
3565
3753
665
1651
1282
3588
921
2423
4239
216
1427
2189
3032
530
1067
725
1481
1863
344
3350
2300
149
1211
1227
298
3542
2851
3018
3257
737
4801
308
1529
4110
622
1421
1862
205
2412
753
2510
4640
2128
2599
1952
115
264
1449
3260
4571
4235
2069
3102
4592
2740
4968
2230
312
3803
2864
1573
1047
4066
1135
3828
2382
91
2
129
4314
4535
4229
2668
1071
2770
2976
277
620
4594
44
565
1167
23
1214
4493
3876
3791
1479
761
2031
876
2607
3986
102
843
1198
25
1128
3036
374
1878
4503
4519
1958
2521
4746
1182
3732
1753
4109
19
2293
1889
3484
462
3081
3235
2326
4393
2214
2425
1760
4442
1946
3812
1418
831
2356
2431
4147
128
3689
3228
4997
4683
4132
4465
3172
4456
1185
3713
4877
2146
3775
1703
3069
4701
3985
2089
4826
654
1806
1410
3567
1142
1318
3966
4290
2937
2419
4301
2771
477
201
1787
4143
494
3660
3786
1718
2562
3095
3121
1894
4084
1764
2679
418
4703
618
810
4658
2828
2282
710
1830
951
218
3275
4064
2179
2137
3676
3723
4593
4750
79
2686
3050
936
508
2358
4652
2115
614
870
2950
2301
4799
2505
1587
3760
1392
2564
4387
625
3704
2922
1461
4252
4494
3198
837
2861
2260
182
992
378
2288
3140
1060
380
3010
699
2800
3035
1201
2494
865
2908
2759
2529
3692
4220
3873
219
849
611
1020
4192
257
4133
1022
2783
4054
2525
4879
1892
151
4012
1459
1697
4042
1288
304
4782
3123
4284
4812
3624
3021
3043
910
601
3915
2556
2646
757
4313
1978
4449
4556
291
4770
2098
3510
2012
4800
2788
3802
3206
4803
2005
2286
947
161
2122
3192
1623
2933
2459
1800
1052
956
4059
2029
197
4327
4984
937
2003
4836
4685
3653
3928
1386
4238
3457
4342
2860
4408
2401
4138
3476
3951
1063
4419
2812
3404
2028
2733
3898
177
933
4294
2322
1909
923
266
2902
1837
1369
246
427
36
446
4137
3378
2774
1465
927
4338
1841
3113
4310
3481
2365
350
4086
2988
4617
836
918
873
1969
4752
3246
3207
1957
1517
2210
4360
3612
1666
3415
4982
3164
2034
1848
2928
1339
4739
1086
1515
4691
902
3340
3617
3551
4788
4532
381
2071
3604
4177
925
4861
3592
4130
555
1942
2695
3492
4193
1589
741
663
591
4259
4124
2681
4380
4374
3585
4845
1761
998
4821
1886
4144
3119
283
2548
3712
604
485
2558
3544
1793
3394
4158
397
2159
273
2665
1334
1977
3681
1775
3397
3469
1298
2396
682
2673
1153
498
3740
1490
3411
522
1273
678
3497
2315
2750
4550
11
3203
2948
3998
2732
2628
1915
861
4566
256
1311
369
3982
1631
2415
2369
2057
2955
55
4647
777
3832
1728
2776
1814
3800
4989
2502
4980
2238
2946
2717
4108
2877
1178
1397
1332
2622
3536
1021
4606
2413
2373
1919
171
232
1888
4219
465
4509
2795
4585
3549
3316
3124
773
87
3793
1236
899
552
3993
2675
2328
452
1580
1671
2259
4641
1525
1597
763
387
2796
1725
3978
4217
1591
2429
2016
570
1186
3558
3885
3764
4543
2440
3305
4979
1409
2479
1845
3930
1149
200
1301
3642
3147
40
2810
2465
768
2295
493
3896
1935
3633
2631
2666
3737
4819
57
4027
652
4291
1403
2823
1796
4798
235
3576
1763
4587
1043
3485
2552
2721
3752
1350
112
198
2351
571
3489
551
1187
2938
2742
1643
62
2555
4489
1628
1765
1807
4938
3879
2375
3658
1606
4920
623
1531
1376
3575
840
1467
860
531
2007
1347
3458
4034
1947
1712
482
1785
3153
1104
1613
532
581
2160
2920
855
3182
164
2942
3519
4983
353
3734
2476
118
2022
749
4359
2079
1882
1839
4308
1146
4390
3195
4903
1496
2150
2624
4196
3491
4981
1901
4080
632
2572
2370
3983
3682
4150
146
1812
893
4707
1400
832
3451
4670
28
4365
4092
175
1713
2272
3184
121
4508
2244
2540
1002
398
3385
690
619
2093
4422
1824
4831
941
3921
3561
2840
4734
3827
3038
1927
1251
10
421
567
2661
416
2480
1205
4894
2200
3176
4873
4381
3541
4487
2844
1199
2871
2741
1179
1191
1065
3165
3984
2594
1873
1922
3293
4933
4888
4910
3899
2416
2111
2426
1031
3954
2350
3780
717
358
2746
2360
662
1569
2968
2004
2359
2449
1297
2905
2056
2187
467
562
4637
649
4244
3792
2764
1646
2777
2687
3479
615
1270
1129
3552
2436
3564
3869
1984
1100
499
1217
1538
1208
3884
4735
2256
3435
1572
4891
1394
4232
1642
1717
931
156
4576
2677
3040
419
2554
760
1521
1524
3587
1433
207
1767
1678
511
2876
687
2720
3163
2913
1382
2691
1865
670
1460
3645
796
72
1450
4892
887
4211
1794
4833
1759
4278
3729
1099
896
695
4221
2647
2787
280
4
4120
1484
2250
51
4495
747
3636
2660
4190
892
2394
2364
1979
1648
1550
4996
440
1561
4874
2015
2386
2232
4295
4539
4293
1519
4410
1216
2896
3663
3534
2324
338
3422
904
2371
2830
1061
1706
3677
3533
2632
2325
4728
874
621
544
4162
1059
4959
4349
4999
2966
4844
2557
3715
1209
242
1963
4809
1119
1388
507
422
891
1028
1221
966
2268
3582
934
4001
3698
1736
4037
1581
4230
828
3399
349
1275
4269
2320
2619
3290
4517
2434
2915
1019
1802
1195
3540
3383
2889
660
2199
1874
2811
4818
716
2757
4722
3593
4362
436
2567
463
4562
4029
2149
3939
739
3875
3092
3158
1134
172
719
2640
1547
1222
366
1941
1503
64
2367
4702
4575
2025
3845
740
125
3067
4850
2633
3516
2723
2898
3570
4477
3046
3977
3738
2534
1576
3824
3292
4611
324
2341
2527
2485
909
237
1816
2289
4491
3820
1990
415
3569
1114
4328
634
1143
4666
3180
3745
2038
4127
785
3568
2602
1360
1621
2874
981
3382
3609
334
140
2809
1914
2949
2638
912
1996
134
1089
1986
451
4745
4048
1438
4430
4179
2246
314
4443
1036
898
1150
1644
4764
2954
3808
2488
2073
1673
1527
472
2620
1821
3108
2109
1782
1528
346
572
1769
659
3654
4749
1674
306
3000
3863
2663
2990
2492
857
3989
2775
228
3285
671
2951
1836
3252
4251
4363
3611
3449
3584
3191
1137
320
3963
3750
1485
759
3665
932
1893
4085
697
4003
208
239
3328
450
26
326
589
3560
4222
535
3866
3517
4441
497
1489
3099
4072
1774
1440
987
2489
2503
1936
1791
3261
2099
423
2713
2269
4097
2563
3379
370
3361
4367
3441
3918
783
4692
3112
3756
2857
2380
1731
3256
1701
907
1184
3816
3150
1849
70
1154
3662
3187
2551
1854
2445
1670
1967
1253
2299
3352
53
1592
1081
2321
935
3131
1789
4916
4700
4095
3572
152
560
3506
2569
486
661
1910
3781
786
1945
4309
628
1820
2101
4458
3317
4911
3295
3494
2523
4679
946
2044
1649
1094
432
4781
1899
822
2805
4986
513
4839
4051
1552
2495
1838
770
1822
386
564
4941
1095
4045
2916
2519
3271
2212
4069
895
4766
4736
4584
2753
441
2100
3054
345
1171
2447
3586
736
4597
4440
1245
2464
1669
1204
3327
4151
2496
1872
3767
501
3447
3504
4586
3814
1233
1260
3601
2692
1856
4063
1291
3221
1423
4649
2650
3407
3784
4273
2202
4548
4512
4842
3774
110
708
4142
3621
116
1370
4371
3997
3527
3861
2856
2934
3077
2865
1810
3308
1819
4197
2342
2209
3236
1092
743
4106
3134
101
4820
1010
294
3060
3661
967
1902
4418
2240
4083
3313
1181
754
3057
3961
2959
2235
509
4657
1757
1732
2813
233
3837
2307
2918
3466
772
4412
3389
720
3074
212
4257
3437
3700
1983
1536
2113
104
4663
4721
4364
4180
2126
1535
939
1471
78
2507
1377
3216
4713
4260
3471
600
1932
1087
4118
3342
4674
1904
1687
982
4266
3464
2266
1419
4884
3444
2218
1650
2305
2674
3326
1804
3377
2699
4214
624
4407
4614
3376
1313
4588
296
4908
4516
2142
3555
1009
4199
1603
2778
4552
1429
2296
3614
473
919
3265
844
2455
954
2886
672
1196
413
4834
1855
1975
1604
3309
2053
524
897
410
4065
809
4636
1937
4725
1194
1323
3438
4699
1743
2749
3087
1563
4420
2730
3563
4163
1025
549
4868
4717
4270
4583
1803
126
1684
2581
1033
4930
2517
2019
2387
142
1041
4787
1308
1844
805
425
4557
475
3849
3478
1675
526
61
1176
1781
1279
845
2027
734
147
1406
76
1720
599
1356
2316
1295
1870
3190
1926
244
4485
2664
1721
771
1168
1700
938
2533
4189
3098
3409
2046
2841
167
766
2075
4797
2336
1044
4031
3705
88
3979
2132
2134
914
2745
694
4760
2655
3410
3701
3171
2970
4285
3719
2816
4994
1412
4213
3279
1
542
3064
4481
4849
4767
2751
3127
3950
4344
1833
2291
4248
2672
1786
4852
247
779
135
4521
2907
2475
2807
4710
3161
686
2439
4283
3718
3620
1336
255
2780
1493
4067
517
2497
4165
220
2042
3742
4864
778
4828
1568
1302
3375
4601
3365
449
3459
4664
2803
2229
3683
1343
2714
4907
4185
2195
1123
3487
32
211
3981
1371
2417
1325
4013
2645
4885
2074
254
1543
1389
4835
2685
2592
2294
2600
2383
4993
2163
2544
715
1508
2538
3578
1784
3974
2339
3703
3028
1560
3312
1584
4311
3669
4159
1962
4288
4528
3093
745
3772
1001
4863
1424
4153
3473
616
4917
1431
2935
4384
1346
3014
906
68
3830
3130
2279
3512
1539
858
2474
4579
1333
2397
4655
2837
2897
313
3768
4461
4881
4484
4233
35
3815
4723
3532
81
4876
3145
3881
4218
1242
1835
1654
4268
318
859
3657
942
285
730
3368
2644
1117
402
3370
1276
917
3625
3461
2064
3287
2467
1795
4333
2484
3084
249
1898
714
42
2161
4686
799
791
59
189
1172
3330
2583
4053
89
3616
4446
4878
3893
2106
1274
1805
2532
1626
2940
259
3136
1464
3528
1548
916
245
1638
430
1829
4156
2649
889
3936
3247
4661
108
4297
4914
2153
541
1451
443
3912
136
890
2237
3302
4793
3425
558
2001
38
4267
4111
2407
2652
4777
1908
3402
1719
4935
4754
2388
1555
2595
3240
4549
4227
1448
1681
3877
2817
1472
2979
203
1213
3005
4320
3521
807
1770
204
2873
275
626
2930
4841
3475
1880
846
3622
4970
3776
2181
329
4195
4160
1961
2104
4857
1629
3668
3505
1269
4215
3626
1987
2910
3895
4265
2845
3027
1007
29
3090
1683
2582
158
999
3566
1595
2377
2462
3634
3439
4928
4599
3321
3821
2726
388
4016
1265
14
633
2470
4231
4737
2061
3141
974
231
1373
3897
456
4603
289
880
323
1663
414
4129
270
2151
2921
1887
384
4009
2765
613
1239
1665
748
307
3185
4945
4397
1588
2392
2133
2092
3711
3953
1846
1473
1618
3493
3673
4357
3041
3488
3500
2017
4899
744
4651
2174
2760
961
4469
2967
3733
989
1688
1083
1634
1084
506
4116
188
3503
792
3607
2039
2030
3468
4939
316
1951
4468
3474
4434
3518
2340
1252
3029
3924
2528
764
2522
209
3306
1383
1567
3347
1073
4513
1903
4263
1468
2995
1541
3751
2541
4429
1478
529
2798
2009
1707
2058
1466
1254
3284
1727
4768
518
1808
4961
4480
2420
4634
1322
1823
515
1507
4966
3259
827
4590
3813
1985
502
287
706
183
2393
1080
756
234
1278
2197
2901
85
847
794
3258
3217
1362
1048
375
107
1166
1647
4875
2162
3759
2965
2568
4786
379
2023
60
4073
1615
495
39
1740
4817
4460
3747
2180
43
4476
1772
3319
696
4677
3017
4409
478
1992
73
3964
4372
2223
3143
3253
1842
3133
3900
2411
2880
3349
117
2143
3450
1212
3927
1160
3967
1407
4802
4254
3785
3790
4729
2026
166
533
3909
500
4733
4872
4423
2958
596
3282
3730
826
272
2826
3199
4918
2821
758
1379
580
3344
2253
5
3794
4869
4577
4375
4889
2613
3835
4976
1299
3222
1344
4243
3401
814
4466
3914
2589
1883
3254
4378
4693
1338
1487
2308
2059
1355
3286
2736
1993
160
2709
1601
3901
2362
1180
2241
4882
1797
3708
2224
729
4329
4346
4623
689
803
4612
3283
1285
2196
2855
4004
1469
2825
2119
603
206
2090
2406
3862
877
3641
2993
390
1303
3167
2566
4810
315
3019
1658
3735
4605
3782
2157
4424
1783
1256
4223
317
215
2304
2727
994
4212
368
3339
4563
4846
2332
2117
3320
297
1455
139
3855
3991
4182
3213
3952
3605
3372
21
922
586
693
3795
3463
4395
4511
3628
1511
4747
4896
2654
3649
703
1661
4638
3887
3499
968
3225
798
959
815
4445
3267
2043
4406
265
3336
3120
4741
3392
795
3358
3272
1532
1940
4169
2052
30
4272
4973
2076
274
1096
664
2999
4731
293
1454
251
735
3274
2598
2345
3515
2338
4312
4932
854
3942
2808
3547
1105
977
2041
4201
879
3710
4628
1126
238
1593
2625
3042
3429
790
1949
3212
767
4505
2641
65
7
2576
3731
1950
871
4971
3589
348
3200
4256
4740
2103
2097
1174
926
3277
4317
1183
120
4796
818
4540
2831
4630
2048
3168
1722
1609
2994
2274
1294
3269
514
3480
1869
1197
3245
2957
4795
905
1070
1032
2430
4619
3089
4421
3882
4448
4459
3842
1147
2578
4057
1570
311
2836
4963
3630
685
4660
3522
148
3418
1557
4161
2372
4709
4653
830
3666
3291
96
3151
1558
1062
4207
1446
970
2190
4559
260
4402
3726
4470
2172
3766
1709
4071
4921
1078
574
1337
995
3423
4937
2443
2872
3583
4403
3969
3878
4322
97
3146
1116
4076
454
4242
3414
590
3051
4951
1705
3854
282
4174
3204
1390
1745
4639
2186
3889
409
901
155
2258
1704
1076
457
546
1399
3251
2278
1929
3230
4173
1672
3024
2024
976
1157
2656
41
631
176
3208
2549
2231
2574
3294
3020
4241
3709
944
3232
3956
2032
2021
4497
4187
979
2500
2418
122
2395
1079
920
222
2698
1636
3805
801
1162
4956
4184
3400
1766
1780
1148
677
3004
1852
4582
1831
1038
930
1357
3179
3066
1695
362
2606
3341
2835
1565
1653
4711
2433
3908
2792
2353
1723
885
691
4633
3685
1335
2752
505
2508
2849
488
1352
2693
1690
3138
3679
2639
2748
4529
1280
797
1113
4020
1220
4580
4832
4975
1617
305
4170
3455
3223
3048
2220
4432
2287
2986
3304
1498
4475
3443
4715
137
2827
2290
3543
3818
881
352
3
1306
1925
755
2171
782
1733
2842
4718
4025
2879
3941
31
3638
3219
2797
997
688
3631
3354
2911
337
4886
4678
1262
1011
1685
4299
713
645
1111
1304
1906
3615
568
3374
2000
4428
1522
2385
2944
4102
4483
3210
2251
1058
4558
487
1711
438
459
2623
808
4716
642
2284
3823
322
2414
124
4415
3166
1271
1218
692
3935
4376
3196
4573
2065
2643
3973
4948
4148
1151
545
2773
2072
1991
4915
1943
3362
3883
3288
3152
587
3618
1145
1657
290
444
1828
310
4479
2785
2454
862
3022
4530
4401
512
4399
2002
1698
1053
3779
2703
4656
2081
1398
347
903
3743
2376
2981
793
520
643
4017
1964
2700
3395
4905
2939
1103
3652
2168
455
2516
1680
4650
978
1200
2894
1029
217
973
4077
1348
1499
4765
3197
2178
4370
3323
769
557
4123
373
4541
4778
2349
4785
617
2515
3907
4629
608
1476
2707
1976
4706
3229
812
1656
3937
3846
3717
4018
2577
3559
1042
1518
3209
396
943
4394
3933
940
4400
1158
