3807
4176
676
1519
3119
106
1384
2772
4589
4911
717
2750
3179
3480
180
3112
4053
4973
2851
2779
2138
3386
4908
1929
4192
4380
1155
3142
3010
1341
1064
3733
4426
3663
559
4139
1120
1163
2682
4696
85
4780
2744
2580
4848
2069
2954
1357
3909
4056
420
2299
123
3114
3898
3675
3496
11
219
417
2487
667
1411
2431
4581
354
2632
730
2147
1555
4017
1544
2452
1033
4684
3997
637
1982
3249
2331
4700
3265
4060
1731
1601
2471
3754
121
52
3285
2184
729
4870
931
410
3596
1580
991
2466
1266
3313
444
95
1289
3734
2248
2794
4520
4637
3173
4800
2858
1021
90
3115
2245
2588
1288
4808
1002
977
2861
3485
3535
1592
1933
639
816
549
1471
1468
249
4406
2766
2203
2685
3301
133
3446
705
3246
4173
4673
13
48
3906
3768
1131
2522
3716
473
3854
3515
836
3336
3383
47
2573
2384
4826
2021
2570
2911
822
344
3574
2827
4686
961
923
3140
3312
635
3368
2819
984
1041
2492
4131
1799
2751
1930
2558
2835
3949
3706
1747
3932
2797
851
4109
854
192
2945
840
1522
3570
1722
507
4044
3042
1986
952
2764
1586
1333
3339
3837
514
4505
758
4659
3153
4724
2885
1174
2595
2098
3508
2284
2949
4128
2438
975
4418
948
3344
3512
566
4784
2154
3659
3371
2786
391
3468
934
4384
1574
2363
1537
4487
3329
1076
4649
4427
699
3693
1700
1782
3408
1874
1274
80
281
1105
2560
362
979
1176
4719
3863
2587
2447
1178
1096
4579
2120
3125
958
4851
1884
216
3578
4814
3621
2924
3977
2034
310
831
2107
2057
2617
4980
3717
1695
2610
1867
2185
458
86
1107
4563
4244
1051
4409
1833
928
135
4951
745
2621
2824
72
3303
3367
4737
1655
3983
2866
4222
3947
4422
15
263
3260
490
1808
2408
4747
2159
3608
2681
1034
4470
3100
2400
3899
1649
791
867
2509
1094
3012
1279
1770
2770
3456
4489
646
3664
3345
2418
4740
4196
3271
698
2383
452
2604
992
404
1758
4468
2708
4945
1827
1967
303
2136
2721
1969
4609
4627
1106
4391
1162
4276
3152
3049
277
1699
390
1889
4746
4650
517
4103
2601
4711
4451
1224
3825
1625
1082
4544
1271
2540
3007
807
1893
2959
228
2740
1031
2499
2697
477
3592
4716
2892
4542
3541
2933
1227
1368
2399
3551
2293
4789
2046
4834
1890
2169
467
1790
4458
3766
2001
145
4177
2181
3786
4920
2552
842
2608
1102
4963
1847
835
1604
905
3826
4275
53
722
2392
1301
1528
3507
3824
802
4603
2771
3029
4805
768
1042
1623
4972
4743
1548
466
3838
3127
3021
2526
2155
1839
3883
3243
1127
1662
2987
1711
264
892
4876
2381
981
1269
3864
2980
1484
3832
41
3547
1557
418
980
3818
449
377
1641
788
1339
1132
51
3461
820
695
4938
3831
429
4687
3520
3982
3861
4978
4433
3164
194
438
170
298
4835
227
1168
3538
4000
1480
1865
448
3161
1718
252
1546
1108
1318
3783
3447
2663
3398
312
2976
3136
3228
3946
4765
1008
3713
1970
2011
3257
1538
1173
2644
1881
4670
4012
4031
3412
2158
3369
2043
305
4922
1321
616
2538
3531
687
2350
1563
2062
3981
862
1177
4893
4195
3568
2559
3576
237
1312
4185
2947
403
1998
1182
2035
1444
4652
3970
1063
4625
4661
3644
4430
1421
1121
2365
4295
2955
3723
1184
1575
3712
4260
3646
2599
49
3394
661
2131
3586
4877
2999
1360
4398
1913
1246
270
421
4515
4062
1302
4738
3293
2785
29
2287
1526
241
71
2574
2838
212
4273
3099
827
1365
4570
886
3311
2883
3751
2950
4423
1855
2759
533
1702
1179
58
1329
783
3093
3486
918
224
2340
2614
1478
4803
521
993
1917
2339
4065
1442
3490
4942
3177
1402
4679
4420
1668
669
2941
2089
3516
1914
2083
2624
273
1190
1414
2546
3929
385
4110
1640
1172
3740
2081
3762
453
2844
4658
1729
1083
884
166
674
2361
4325
1438
3098
4358
4270
1857
2192
17
1420
2755
4011
3149
2419
1559
4757
753
1308
3591
2358
3726
540
2930
4356
1577
989
1973
165
3709
746
1133
4141
1029
4182
3705
4484
2746
1268
1761
4150
508
266
3679
2791
2302
78
2505
4361
3789
2444
2780
3281
4858
2908
2232
3103
4704
964
323
4952
3252
1647
3963
4880
3146
3780
4256
4981
702
200
2104
2454
651
2554
2291
4975
3573
1853
778
4080
4509
4939
3773
2623
1353
2609
3097
1418
2370
2848
3694
3347
3436
134
3904
2714
111
2647
1594
1800
2901
2788
3873
1175
4759
1631
4666
2321
2238
3184
3162
4004
2324
3684
89
2683
1932
1146
4891
2023
319
1636
1499
3402
3689
2256
4440
1381
4553
1113
3625
4786
3003
3222
4494
2778
3155
2250
1455
1463
997
3232
4703
4213
250
3453
3397
1875
3610
2739
4251
119
1373
1124
1741
2494
2716
4436
3147
3845
2149
360
2485
2724
1635
2733
3961
1978
3609
4712
2242
1999
2661
330
3876
1862
4730
1910
4052
2769
734
3682
2997
3649
4616
4828
4301
2638
2891
1441
2207
3317
3001
3354
509
581
278
3811
2578
4279
4101
1379
2869
4457
1950
3639
919
3449
4095
4725
3088
978
626
1104
4791
316
1941
1490
1725
3050
1431
435
4608
4357
3376
3237
3316
307
352
4705
4833
1815
3410
1764
762
456
4374
3935
915
4600
4541
1344
4697
2666
3159
1663
4996
1208
1529
63
706
2201
689
3096
4584
1692
573
2398
3476
193
3725
1645
2263
4635
2144
3227
3044
513
2274
1500
4862
272
3026
4626
2123
3143
2929
4815
2259
1401
2968
4307
4326
1609
2151
1445
988
2050
1777
4396
4841
4288
575
3748
1245
375
530
1755
2658
3086
2025
1158
4648
412
4640
4231
3605
195
304
4984
3321
206
3752
1334
629
101
2458
1270
1137
365
1053
744
3943
176
172
414
1450
4282
1407
3746
3131
1088
4498
4190
207
990
3005
405
3505
2140
2720
1416
1130
4559
499
3458
755
239
4091
34
1183
247
1514
1426
3686
1671
598
4903
1965
3323
3030
2732
2729
4692
470
4551
794
3525
3653
1086
1485
226
2015
737
4500
3842
2112
4165
4114
168
4218
712
3213
1868
713
818
2812
2871
4776
427
588
2278
3409
3207
1115
2220
1572
3911
1696
1589
1788
2585
1447
3724
4513
127
253
4266
658
4351
2373
3503
2870
4622
4816
1252
3526
4742
3792
1135
1043
2641
550
3229
4277
3038
340
1075
632
4444
1098
957
4287
1870
4546
3722
4132
2689
1078
1861
1200
2518
4566
1392
3556
4153
4247
3034
4172
1673
2368
3118
1275
3542
169
4644
2101
656
3166
1613
4072
2261
4913
2706
1615
4735
1217
4748
1501
3020
902
1459
2255
4254
681
1286
2957
922
33
4497
4009
4116
4946
4382
1429
1152
3661
2809
4675
433
1080
3966
3587
1617
3803
2992
4507
1048
2177
2292
2815
2482
1657
3613
4825
3979
75
2523
495
259
292
2602
2172
83
23
2142
2725
2931
4995
2677
3018
1327
622
3519
3215
1505
389
4211
3427
3719
3635
346
328
2593
1952
18
2012
2600
285
2804
4043
3544
1738
4395
1619
3870
2807
1727
271
2386
3414
3758
3736
1543
2726
3374
2718
1262
2946
148
1630
3157
864
2440
869
3808
1337
66
2168
2551
2467
3565
3743
4974
3256
1891
4082
1637
1849
179
837
4322
3095
1809
3254
3916
3234
4943
2631
4846
1802
4604
1412
3674
469
3387
1593
422
817
4749
2099
3076
1605
213
2591
1541
399
1743
3866
4607
1554
542
2393
1475
110
4158
1961
3821
115
748
1265
382
3623
2437
2387
3948
347
1569
3936
4272
1944
3814
4217
982
4611
1196
2411
3951
4105
543
3194
2084
4676
4228
1446
217
1257
2039
2659
2615
3953
1351
3741
2975
3990
1306
2105
3907
1047
299
1837
4830
198
664
560
419
1953
2821
2187
3502
3597
4576
2233
2864
1297
4502
4293
1685
1915
2878
240
1876
465
1583
3763
482
4106
2956
3563
1737
2052
2830
1263
3183
751
3955
345
3915
4051
3129
2734
1708
2662
4842
4577
2330
4212
1032
2313
2507
26
1495
648
290
67
3275
4547
2150
3819
3019
261
868
4333
2656
2973
4863
1020
350
2061
1652
2218
908
3122
147
3253
2510
3218
4227
3444
599
3217
1829
3913
3092
402
2902
3459
2687
708
1691
2577
4699
4008
2450
4258
3178
4366
634
4715
30
1364
3927
4232
4448
4216
666
4709
899
2205
897
37
4045
2501
4654
3328
2715
628
1315
4262
3820
35
3944
715
4308
3174
3918
2774
1707
3488
3343
3632
552
1618
718
3902
181
2190
3290
2219
2470
3999
3189
2065
4610
368
3714
3830
1813
3828
2416
1957
1628
1834
1487
1773
4339
436
2058
492
1735
3009
4099
2389
895
986
4353
3670
1551
4205
3071
129
3277
126
863
4929
1784
1425
2713
2742
485
3404
1293
2964
103
1736
225
54
3995
486
3423
28
4722
4758
3190
4280
4265
2699
1408
3606
4111
3261
3919
3241
3782
4178
4574
3151
2646
1683
2728
2410
2680
4783
602
3827
45
1955
2953
4491
1149
1504
1612
2091
2231
1147
3759
4425
942
151
3833
3655
1769
3550
1943
2110
2561
749
4991
3778
4688
1835
394
2211
1654
186
3069
1253
3673
2672
3017
2710
825
2215
314
4957
1062
3058
638
929
2356
289
1603
4149
4094
2514
291
3648
894
3607
2545
4314
4154
2474
4736
858
3546
617
2958
3428
536
2129
3425
3244
2086
962
4405
1912
3460
2974
4829
1703
2916
4481
3834
1374
3181
1993
4343
4269
2849
2635
4495
2816
3417
2364
2607
280
4189
3528
4127
1399
2277
3389
3196
4955
2898
3379
914
1103
2357
721
2347
3280
4197
4078
1984
3264
710
4567
1007
1906
2491
2349
4788
3121
4459
1234
2301
4089
3561
2833
3602
3454
1629
1908
461
2195
3772
4751
2876
4476
3890
562
1456
3355
4264
4528
105
4873
586
829
3046
2111
4937
2900
4596
267
2903
3126
4355
155
373
704
4238
2852
4665
711
3952
3575
2553
511
4857
3553
3813
690
501
3857
3510
2719
245
1518
1126
1233
2002
3836
1313
2629
1895
1880
2064
2212
2376
3840
3882
4360
4108
3171
191
3150
2795
1240
1026
1317
2811
2495
4209
3057
3324
4798
2991
376
546
3910
1939
2202
2289
397
1195
3464
4548
2380
246
462
2178
1740
4076
2307
4516
2268
2802
3511
3972
2843
3236
4310
331
4140
464
4243
3934
3962
3445
3078
1911
1109
1229
4327
1898
3557
3482
3691
3925
4399
2971
803
3023
201
1010
1300
1599
525
44
4412
883
2822
3643
3992
3040
4989
3797
4305
4599
4930
2170
1653
4810
875
4733
3128
3338
3560
769
4680
4821
2758
3268
3195
1840
1322
2103
3441
2282
4561
2024
4316
4416
1296
4317
765
1394
149
524
2198
2007
4773
3850
2420
3922
3350
2937
1397
668
2508
2462
3302
3806
2336
3697
1552
3399
2394
1781
204
73
112
2789
1622
3450
1598
2310
3082
4225
4614
4488
3298
59
3130
4763
2191
969
614
3170
1951
3284
2354
2249
3240
1793
355
4860
3463
2932
3534
4321
2676
2308
3650
7
1616
4054
912
1474
1728
4878
4503
2576
3182
1650
380
321
3677
1065
2442
4529
2337
357
3884
4988
383
2856
1666
4960
955
2197
3381
911
1140
3327
446
600
4918
1651
3297
4793
4306
451
2810
4869
3799
2479
4419
1871
457
4501
65
4983
3370
2341
1016
4905
363
3930
4490
1282
3872
3494
4186
4019
3266
3937
3307
3430
1044
2564
670
590
3858
3474
1971
1180
2926
483
2009
2175
138
2088
1366
4298
736
2047
2029
3051
3851
3626
4801
4601
747
4849
3391
6
3598
1242
3407
3628
4027
2829
2143
3696
1926
650
2079
1985
1717
434
2616
40
1467
2731
2017
660
296
4767
1056
445
19
2977
3896
3356
880
1185
1457
2519
938
2671
4723
4020
1958
4229
3455
4223
3567
1916
2627
3816
4921
4312
76
4617
3358
3923
2707
2880
424
3856
450
839
4538
3757
3732
3238
3435
3590
2018
1039
2565
2322
2234
4257
1989
4569
1316
2513
4514
1844
322
3690
1067
3665
2226
4284
2114
4166
2122
631
4034
1976
3593
2316
4958
3720
2028
1068
141
750
611
3784
846
4198
4267
4485
1
2243
4707
1390
2747
1751
392
4010
2480
2180
2637
3061
1510
3652
2504
4002
1050
555
3326
4107
4890
1614
4573
1222
4151
2403
2115
2590
4887
871
150
3701
3433
3791
2490
4602
2873
3642
1786
1277
4526
4961
723
1918
3043
861
3728
1530
481
4683
900
251
3309
700
1101
1304
563
4511
1886
1355
888
1206
3804
2503
2832
3401
683
1294
3054
2630
4907
1858
2468
1276
152
2385
57
2787
1403
2045
1045
3885
832
3530
3875
1280
2651
1535
4839
728
4832
4847
4721
1878
4001
2244
2063
1523
1157
484
4124
318
4493
3765
2188
475
128
2557
4348
4241
2735
604
4710
2935
609
423
773
882
2412
3346
2525
4499
4370
735
3562
3124
4639
3016
1226
1437
68
4806
4445
1850
454
2922
489
956
4248
1119
1665
601
607
2254
2921
4219
3881
1677
652
4560
4645
4586
939
1713
1069
3703
1669
2366
4985
3440
210
945
1134
395
4224
2943
3517
1461
3431
2016
4117
4204
407
302
3795
532
2948
3085
1533
4047
2397
1686
2628
1511
1992
848
4454
2493
4417
494
3405
3493
2333
2415
2998
4868
388
2325
1150
3073
885
471
4046
2194
1832
3109
4564
591
4274
3980
3601
4432
4979
4006
4612
3585
2652
353
1564
976
3604
255
1966
1074
1549
3897
2275
4118
1894
890
4255
2199
4041
2982
4350
2405
2200
3555
4329
3348
2153
32
3111
1193
4304
1136
3667
920
2722
4525
1739
1927
1643
3704
3075
4064
2550
1778
2119
3306
3594
554
1611
759
2934
3993
1496
3615
1210
4904
692
3793
4575
1667
4386
4152
2360
761
4898
4003
2475
2396
2146
3365
3492
2881
584
582
2530
1090
2781
3900
2566
789
4311
3341
1968
3957
903
3413
516
4840
276
4694
4967
780
3487
966
4987
954
2375
1582
1014
2803
3089
2161
2696
4782
1320
2372
4313
2792
4824
2517
596
3055
4698
578
351
3760
1215
2040
1066
359
4328
1783
16
4537
1085
3366
2511
2210
265
4689
1675
3393
1660
784
2027
4022
4734
1283
2575
327
972
2612
2882
4572
1825
1994
2535
1521
333
2918
1977
4668
478
556
2686
3928
2862
2660
1688
1138
3212
3047
3208
937
371
2572
4855
387
1817
2094
4557
384
2423
3730
1763
585
1556
1920
1244
1646
1314
3000
4330
4093
4638
1639
1780
4079
1682
2775
2042
2041
2272
262
1361
183
332
1362
3583
4464
810
2216
561
1879
1212
2290
1396
4135
2439
2271
4090
1710
1356
1250
3473
2328
2692
4944
2269
1872
3148
4859
4853
2378
2798
2544
4375
1545
1024
188
2217
398
716
633
779
4517
163
3422
3419
739
2087
1477
4708
2985
2252
3924
1092
1726
1595
4909
343
1720
4982
933
3107
1231
2754
1768
463
1494
2258
3094
4447
425
3295
4919
4774
1752
3388
2613
3286
2414
1931
1049
4024
4471
4886
3193
3620
4029
3024
1385
4439
3120
847
442
3471
1389
2928
4037
2434
1626
283
1299
4718
913
3080
2606
1232
64
1214
4606
3270
1077
3451
4318
1905
1281
3829
1192
4729
4664
4809
1070
1934
2483
1942
1925
3618
3220
2940
2745
2033
4656
973
1571
2246
2717
3781
1766
500
2230
2986
2044
4745
1721
4620
4175
3091
2417
3175
1469
1745
1377
4226
4621
3283
3113
2174
1287
663
2917
3377
1272
1897
61
3504
2457
396
496
1648
3846
3971
1142
4184
3330
3968
4804
2640
572
2543
4252
2886
2167
3860
3518
3351
605
157
2701
3796
3214
2765
4073
2003
211
1161
4036
2896
2342
1742
1198
4385
4545
2978
413
10
3892
4289
4237
3231
3144
4964
3495
3843
124
3964
1052
2374
2547
3894
274
4193
3465
1938
1336
4959
2793
4879
1935
1000
3479
878
4066
4025
1658
3874
4726
159
3141
93
620
1470
2053
2130
4181
3988
2910
3859
3718
2435
2684
2730
4727
234
570
3687
3011
4630
4188
4285
4144
4469
3603
2315
2753
4535
1448
2186
2670
3969
3041
2884
2549
4678
3070
3117
4055
3715
2619
3289
1267
815
814
1013
1405
4460
4917
2704
21
1701
3292
1439
4884
805
906
4772
4900
46
27
4927
1819
1515
3852
1846
3871
4874
4456
2276
4183
2678
694
870
4157
488
2944
2388
3067
4473
4428
680
284
3158
3794
3571
3839
3081
3954
1349
797
50
1503
4769
367
1980
3262
4462
4534
4401
4332
3579
238
2528
2359
4162
4253
1325
1579
2004
1073
3764
785
4096
97
786
2227
233
3865
38
944
4367
3187
2362
2605
2309
742
341
4449
4465
400
1123
3235
1974
4048
804
4389
2969
4474
185
348
539
4717
1035
4283
3287
2097
1818
3636
1804
3403
2311
2189
2938
366
476
4923
1482
1843
2853
2128
3769
1189
904
724
4674
1285
3139
3660
1483
4663
2286
3296
4578
2541
1553
1705
4477
2456
4245
4924
2296
4933
4787
430
1634
2096
1199
87
774
665
4400
1422
4844
3352
4702
12
564
3411
528
2594
1924
4807
1453
4070
3959
3457
437
1936
3756
2967
833
2285
3622
1805
4744
3787
2030
856
3524
949
361
1309
3315
3282
2037
580
1585
2060
3989
3434
2653
3206
2326
1278
3452
158
3735
844
3484
987
1194
535
3998
2582
640
4453
2801
4104
2920
3522
1792
3862
2563
1340
2013
2305
3077
156
3025
2669
1540
1332
2847
189
2840
2319
4068
3340
3226
2532
214
372
2139
4206
199
2923
1291
2796
1507
946
88
4496
3656
4123
727
4779
2741
1331
3908
2996
852
2076
3577
2700
4969
701
1907
3514
3582
4315
4334
2124
2214
1733
1656
2222
3599
4910
889
3426
4410
2695
1228
3074
696
415
2145
4812
3416
2994
4720
3920
2698
2241
162
3853
1892
381
2874
4831
671
4540
936
4475
4202
279
3072
3939
1006
3310
4728
2059
2542
1350
2209
2320
2000
4246
545
3774
587
3032
4623
4136
3869
2253
1352
1676
164
2845
4966
1452
3912
576
709
2075
2952
2705
3848
8
2473
3319
2784
4681
3359
2527
1345
439
4268
2348
3994
131
1690
3259
1434
951
2906
1037
4613
2529
3721
3777
3600
3308
1901
3905
196
2280
3785
2820
1796
3064
2867
3506
1143
3056
313
1937
3022
2406
2568
92
2962
583
74
2825
2808
1791
230
256
143
1632
4233
4902
2020
930
3438
2654
374
675
432
1218
4693
4032
2223
1856
4296
824
3188
627
1464
983
974
4075
1488
4766
1498
4071
1806
3540
3967
3106
487
4486
2586
2448
3169
491
541
4568
4378
3083
2352
3802
3116
1375
2618
4377
2430
1415
1372
1860
3753
4588
4595
4342
4997
4861
3004
3771
3251
2163
1979
1748
4207
2642
510
3481
4388
3204
1947
4892
3424
1838
275
3543
764
2090
3145
205
4346
2960
231
358
4643
2300
2674
4682
4414
4368
678
4129
1900
504
3654
3322
2317
3294
3950
1095
154
4362
3627
2402
3537
996
1689
2026
2092
1003
1956
4527
865
4163
3035
4906
2206
4170
1358
4770
4394
896
2855
4411
401
4028
1988
592
3320
190
593
2323
4813
113
1237
4097
2598
3509
2208
782
4122
2556
3201
2100
1820
102
2693
4660
1794
4084
3945
932
2531
4061
1787
4883
686
3855
4014
813
4554
1022
4539
4954
1139
335
243
4533
4057
4302
1798
4239
2093
4174
1542
3973
3013
921
4249
4067
4935
1512
4441
1114
336
1714
1156
1963
1681
4392
4582
3545
800
4764
1694
4628
4230
3533
2298
317
502
220
3165
3432
1759
4297
2409
4390
1597
3739
4480
3304
1638
1841
2108
2515
4901
2984
1776
3048
4452
4521
2173
2464
4030
1854
623
311
3180
1433
295
3380
2127
4754
4180
4050
873
828
4685
2694
3015
4466
4583
4510
3823
1749
4590
1111
4142
1903
1018
2476
3160
850
4087
4434
2800
1807
4657
947
1715
4299
1531
324
4349
2762
3014
2846
4867
3066
1273
1419
184
3891
2488
2516
1243
3334
4259
3750
3223
99
4442
140
4404
4039
4587
3889
855
703
4771
1413
2887
69
4074
1536
2988
809
1492
2914
2469
3647
2032
2179
971
679
4762
3363
257
3203
2407
2533
3437
4714
2221
1600
4536
3008
3385
2664
3624
2117
2036
1391
70
1335
428
618
4836
4242
3790
3683
178
109
799
3810
619
3996
1824
3698
4319
771
2834
4424
4081
3580
2446
1716
4512
2890
2224
1166
3569
3801
3224
1566
1343
4130
2727
4437
1919
4300
2262
1424
4335
2102
4934
1079
0
1170
732
2773
4895
2868
1547
1058
1145
3749
4760
1995
2596
1678
558
4063
4820
4286
4653
1581
4845
3491
125
2520
1248
2070
1324
2022
1479
3921
370
3472
1679
4916
221
2176
3299
4518
326
2743
3895
1091
2688
260
3279
2500
4642
520
935
132
688
3475
4336
1561
1097
2675
379
1398
4843
2963
2054
2068
1260
2799
4278
3879
659
2351
1338
1497
1693
4435
2077
3497
306
1866
1015
3809
2247
4739
2879
1560
1164
615
2162
4482
3036
2251
369
2537
4971
4701
4519
2534
3202
232
4882
571
3987
136
208
2413
2569
3630
84
1171
2925
1072
493
1186
4778
4636
4294
2453
339
1795
2497
1440
2942
4823
3744
39
468
1576
4148
4492
1036
1812
3917
2294
4092
1305
4597
2889
455
1578
3332
3539
3037
24
2776
1664
1670
4508
1367
2679
2709
2691
2343
1236
3549
3965
4187
1167
4038
653
1225
1369
2306
3062
3135
3101
3059
1816
1899
3406
4164
4201
3154
1975
2295
3501
519
4102
2907
1204
4069
2837
2897
406
3770
3186
1842
2225
567
3192
4168
3822
3210
2965
1028
843
4119
294
144
3558
3672
1826
1785
2581
3337
677
4421
1202
1642
4013
3914
970
812
1674
853
577
3536
393
1493
760
4138
740
4126
819
2056
1409
4592
2814
1909
4463
4372
2813
248
1258
2297
2555
2512
2267
460
2273
3225
4672
4383
3276
4200
595
2839
1169
1454
2335
3737
3867
440
2970
4125
4407
1962
4199
2204
4822
4949
3552
754
2270
4899
943
2228
4120
2649
334
4532
1863
1207
3666
1395
1945
1378
823
1567
3197
2484
1030
2805
3548
2636
2583
4775
4619
538
1386
2625
4059
940
409
1423
20
4948
1295
480
3788
887
2429
1197
1627
209
36
4203
1370
287
4240
811
2818
1430
2850
4167
4936
4340
4347
1779
4768
222
654
2912
2972
2690
3342
1473
2424
1621
1264
1466
3466
4941
4646
4379
2899
161
1239
3242
1055
1624
22
2346
2401
3589
117
3028
3893
2828
2377
42
3372
3357
1972
3382
1954
4818
2645
2752
3707
3273
1219
1565
293
2711
4016
1724
3903
2927
2371
4990
2865
1746
79
985
3448
2428
866
2872
1406
2506
1948
3742
4121
254
2489
1060
860
1534
752
153
2589
553
3581
4088
3877
608
2073
1151
2860
1071
726
4827
531
4049
1259
2451
2006
3685
1220
171
244
2078
2236
2183
1940
1436
4531
1181
1310
3138
3940
4235
4925
3362
1981
4359
1040
1012
408
1404
4585
775
4549
3288
62
3976
4194
2584
2712
3755
4530
597
3616
1017
2425
4817
1896
1238
2767
757
2382
1732
3291
1432
3185
1964
320
891
4100
4999
4605
2472
1661
2005
2427
3887
3931
1261
3123
1027
2763
2048
2164
4085
2894
2854
2019
2
772
1959
1887
4781
3421
107
3669
4797
1797
672
2332
3104
1760
4690
2857
834
3233
1348
3467
474
2304
547
613
4896
1148
950
1057
1059
1587
1472
1089
416
160
505
766
3657
953
693
3958
2055
1810
4633
874
2648
4309
1303
2783
4344
301
4932
527
1383
1983
2229
3400
3396
4
3420
2667
1201
3168
3710
4669
4376
3247
3031
3985
2989
2239
763
2831
118
4352
2106
845
182
4438
4940
3676
2066
1772
4894
3318
1506
506
1513
3198
4402
3942
5
4926
443
3692
342
4889
3926
1704
2240
3498
4865
479
3211
4504
4819
756
173
767
4864
2109
2703
1061
2826
1292
1822
2421
3209
2049
56
898
3588
2757
2823
3527
3418
2182
3176
2157
2031
2279
1719
4179
830
738
4210
3991
3844
1502
3566
459
2524
1588
1902
3956
4345
242
187
4850
644
4731
4413
1326
2498
4506
2353
4802
4077
2668
4191
3415
3633
3529
4161
3274
4977
2379
4363
386
3133
4571
4221
790
1209
1801
776
472
2329
4478
1144
4632
4962
2152
1205
3335
2459
2611
649
3250
2141
1922
1709
4098
2756
4634
4415
925
1203
3200
1249
2327
9
2738
1307
3868
3532
3331
1330
1311
641
995
2260
1223
1165
3361
268
2160
1851
218
941
1734
1584
1524
2748
714
1852
857
1255
959
994
4323
872
3888
1687
3349
3499
3333
4524
4403
4250
1410
4261
2314
2817
3631
2841
3711
4811
1323
624
4552
2749
4369
1803
3849
3776
2665
4479
4928
3629
1991
1486
174
258
4580
308
2125
4373
3880
1525
3641
1481
300
1491
2283
1698
2165
603
2008
4677
1284
647
1187
4408
1811
610
4986
3483
2567
146
4655
2369
4667
1591
2288
4281
2655
2436
4214
1084
203
1125
821
4035
3658
3595
4662
1590
4875
1093
2391
4021
3255
4146
4033
4558
4598
548
523
269
787
2237
4732
2760
55
3478
1159
4796
1400
2761
229
3798
3523
3272
3102
2432
2919
838
104
1347
223
137
329
2904
795
770
960
1990
1672
1241
673
175
3245
3554
60
3637
3392
235
4794
2673
1859
4083
4741
4950
579
707
2404
2806
4397
2072
3640
1754
4651
4472
2126
684
3269
777
1712
4965
1393
625
3065
1099
793
2888
4550
4998
2085
2736
3513
4431
4236
557
2171
3617
4629
3729
826
1744
1382
3108
1775
4912
4467
3191
3614
2909
1883
1558
3006
4338
2626
2422
594
3688
3878
3105
1005
4292
3
4562
1771
1509
4155
1254
3817
4331
4007
3708
2579
100
43
3378
685
1019
3390
1489
2461
4871
4005
968
82
3248
682
2603
2768
4303
3695
1417
2449
4026
1730
1221
4790
3090
1573
1762
1562
1011
3847
1821
3429
4271
3805
3886
2281
4752
1342
2074
4215
2137
1122
1864
1038
4137
963
4706
849
202
565
4856
1568
431
3263
3700
4866
2597
4615
2080
1987
4837
1046
1757
1904
3500
4113
801
4337
4220
3668
2486
25
859
1873
3325
3087
3110
2571
4112
3747
2723
2634
3960
1110
1256
2966
2702
3775
3699
4881
2777
2895
4263
1830
917
1319
139
4756
999
4324
498
2863
3611
4993
4750
3442
2132
3239
1230
2877
4234
197
3727
522
2038
1116
2344
4953
4145
2133
927
1550
2620
2318
2014
4792
1460
1213
2650
325
1004
2961
4755
1465
1756
2562
1767
81
96
3033
98
741
2257
4522
1443
3167
901
1923
967
4976
3079
1298
2312
1117
876
529
1508
4040
3521
4565
534
512
4695
2433
841
1644
645
2355
2905
1996
1435
3395
4777
697
3612
3060
796
2134
1831
3941
4795
4885
3835
1476
3702
4523
4115
2842
4134
1129
1539
3975
1877
4159
926
3559
3053
2481
2981
4931
2338
743
3278
2477
1659
215
1517
662
4915
1882
2622
636
2936
3300
1428
3986
3384
441
3199
1191
3812
3163
2390
3068
3933
4446
551
2465
3353
1160
1380
1845
130
1836
122
881
589
2502
3230
3258
3745
1354
893
4897
3443
4365
1750
4171
1462
3364
14
3156
4624
1100
3373
1680
2939
910
4169
2983
4970
4647
1633
411
1723
1371
1848
4671
1376
4387
3470
3651
2264
309
1025
1921
1211
4914
4450
2082
3619
4364
569
4208
877
3584
31
1888
4641
2521
1363
3439
1081
1247
2148
3039
2460
4591
4393
1606
1789
3901
606
1997
4320
3815
2913
2135
4691
1216
2463
1054
3680
2367
2334
3360
1188
643
1527
3134
3731
2993
2592
1449
1946
2536
2633
3477
4543
2213
1607
1153
2951
1753
4443
544
2539
4023
2639
1823
91
3678
3052
4618
2737
4594
1118
77
1388
2915
4854
1765
3564
3738
879
2010
2979
2116
4947
297
909
4761
1620
4994
1451
998
655
2071
108
4483
3027
3645
426
1346
3489
1427
167
177
2790
3137
4086
3462
2548
4160
1828
806
2782
338
1516
142
3469
315
924
3305
719
3205
1359
2441
3314
282
3841
4354
1141
3002
116
3634
4143
3267
1570
1814
286
364
916
1128
4888
1774
2113
2496
3681
2095
447
2643
1458
4015
574
4133
4852
503
2893
1684
4042
3572
94
720
1251
1112
3662
1387
2196
2051
1596
2443
3938
2193
4381
4631
1235
356
3978
733
731
236
4429
4838
4956
2266
2395
792
3761
4556
4291
3172
1009
2426
1290
2166
3638
1001
4713
4156
725
1023
1520
2067
349
537
4341
4058
4799
4968
1928
630
907
120
2990
2836
621
4555
114
3375
2657
337
3084
2265
657
2445
4461
2859
3063
3671
2995
1154
3219
568
515
3800
4753
526
2345
1960
1087
4785
4018
4371
378
691
1697
4455
1608
3984
642
808
798
2235
1532
3216
2156
1949
781
4147
965
2121
4593
3767
1610
4872
3221
612
1885
2118
1602
518
2875
2455
1328
288
2303
3779
497
1869
3045
2478
3132
4992
4290
3974
1706
