539
406
575
235
735
690
986
895
188
843
655
780
718
92
302
411
148
422
736
611
197
196
616
802
517
804
607
489
198
18
801
466
786
351
72
3
684
251
88
888
95
12
479
873
772
890
11
55
21
722
277
855
901
431
747
742
145
857
625
245
428
343
725
469
938
632
631
536
94
681
810
927
971
808
916
177
370
308
61
553
249
875
298
973
860
610
712
390
634
755
204
535
694
540
866
729
455
83
124
748
570
415
805
273
29
974
918
15
418
963
229
379
462
215
490
355
912
807
887
776
936
980
170
242
687
682
150
268
232
141
590
638
213
868
624
270
440
81
23
673
91
521
569
409
468
648
560
156
726
282
339
770
784
36
225
397
988
376
587
178
566
265
33
258
894
527
666
643
538
338
341
354
675
410
533
959
10
733
393
592
617
579
765
218
688
701
320
649
327
844
151
429
552
854
474
74
484
160
740
420
365
14
699
966
401
261
161
796
212
60
656
621
583
384
175
506
523
867
944
967
208
563
670
995
450
53
710
646
447
185
241
861
371
717
45
574
408
695
917
57
180
257
923
137
791
557
865
600
414
435
425
674
112
892
461
635
357
764
811
972
157
459
803
399
316
775
123
2
443
233
991
456
181
531
322
734
171
650
453
510
41
934
723
286
237
460
849
120
116
382
0
325
664
677
598
475
201
253
503
619
203
281
561
340
706
285
278
7
78
940
558
256
771
766
433
250
659
309
897
159
976
210
165
683
239
442
947
117
707
306
138
925
163
202
856
166
405
97
658
35
296
231
669
358
93
823
691
612
328
768
324
743
385
40
49
158
834
550
647
990
48
39
654
969
99
114
930
693
304
680
290
383
416
955
449
293
642
871
228
943
243
436
559
146
389
859
356
981
679
465
585
473
781
427
993
910
353
525
543
47
851
524
403
698
528
444
84
451
58
407
391
438
996
850
457
644
584
193
515
80
329
101
858
529
5
169
813
262
388
745
387
554
222
413
131
657
836
828
907
118
205
349
244
8
692
129
762
66
445
628
17
819
186
958
601
703
4
109
956
426
950
155
727
168
994
211
595
604
372
530
252
789
954
992
573
32
798
104
152
260
377
299
567
816
279
333
511
893
507
968
870
640
665
724
639
65
392
195
761
809
454
869
133
76
13
31
434
477
437
905
67
16
105
957
44
487
307
187
793
174
342
978
87
303
822
606
889
68
998
985
108
200
140
739
107
395
439
82
315
294
545
942
113
757
997
581
728
830
69
209
467
885
432
79
629
274
134
594
751
863
100
837
386
783
75
825
689
50
652
77
704
143
269
952
173
921
541
951
686
903
498
71
52
864
883
419
512
965
578
332
714
750
367
591
240
794
190
28
661
267
551
331
505
637
614
589
520
911
499
149
737
192
313
877
266
144
103
792
753
287
85
368
504
821
206
491
289
623
593
404
537
546
941
219
402
829
481
423
352
347
480
183
497
773
544
472
806
924
226
311
526
102
483
983
348
542
199
317
263
534
470
500
191
321
879
73
774
853
214
98
176
715
977
345
360
295
556
730
508
369
818
54
51
633
106
709
602
564
374
509
136
982
330
913
46
111
255
964
363
731
790
375
881
446
464
953
599
64
280
788
310
608
672
979
362
119
493
238
96
738
926
63
482
430
852
135
920
476
763
716
874
227
532
833
59
147
463
284
627
961
271
378
334
878
962
275
741
799
777
126
886
820
906
896
562
513
795
577
522
900
663
518
366
719
914
312
697
182
668
514
838
283
586
931
989
862
164
361
754
827
130
323
548
946
38
502
247
987
396
636
248
139
662
826
928
840
832
421
785
759
153
872
779
381
932
230
817
769
301
749
800
975
20
576
667
394
831
960
300
194
43
128
519
337
486
565
705
620
778
121
787
264
37
626
613
732
630
417
720
645
234
999
580
876
154
708
86
841
259
746
6
373
22
713
56
839
824
516
448
835
767
842
122
882
115
744
495
651
364
319
572
162
902
19
380
488
276
660
441
949
597
970
184
848
452
26
609
582
220
70
846
424
492
485
760
845
326
547
721
571
172
884
752
318
179
948
685
711
336
678
27
62
272
30
1
797
494
653
847
618
335
89
899
555
496
292
605
90
346
132
615
9
815
127
984
189
891
622
400
935
125
25
937
904
933
812
42
929
412
814
568
344
288
291
945
676
207
221
223
142
756
458
24
359
167
549
224
702
596
471
297
909
217
898
254
758
246
314
236
919
478
350
34
696
305
700
216
880
908
915
588
671
939
501
782
398
603
110
641
922
