574
208
386
1362
629
1290
825
524
778
1314
608
1220
622
1324
156
712
1222
21
9
293
834
647
1348
1022
1291
107
820
797
673
818
637
1003
1446
1356
235
311
332
474
503
1085
30
1332
829
1275
639
1420
1149
731
1043
1488
1080
1091
440
0
286
916
1442
1303
927
847
1402
538
961
1024
670
1406
806
1144
1200
813
789
49
814
24
409
624
73
135
1134
1244
1240
808
926
1137
609
296
14
114
596
273
853
1241
254
430
241
346
261
55
277
458
995
181
1173
1309
675
301
543
838
737
515
404
494
352
31
367
27
1329
171
620
255
1464
84
908
23
71
727
1161
1407
483
1147
176
225
1475
1304
1497
1250
218
1223
185
1482
1050
1026
158
364
1463
1153
568
300
172
469
1479
1213
1334
22
72
837
831
174
1289
1355
937
798
1342
333
363
444
159
1377
1399
1455
1119
424
790
343
345
1199
86
200
1106
852
941
502
1266
1016
221
930
398
80
742
1010
448
826
1207
34
606
782
919
688
840
314
233
205
365
897
1231
371
799
604
763
344
1184
928
621
337
619
1347
180
545
562
213
58
59
402
708
1372
1393
1374
1277
18
1425
955
917
1435
490
338
1307
1364
569
85
350
754
155
760
807
392
918
99
944
946
983
1006
1352
195
858
843
1005
1076
259
391
882
1264
4
413
1020
958
399
211
877
845
121
785
1282
1411
553
788
289
1396
272
874
160
648
1073
476
227
1335
414
743
1118
1046
153
167
1439
478
220
746
554
714
154
280
1308
74
740
750
1131
1395
312
876
124
1333
1466
1331
1389
685
513
809
507
88
39
603
711
1082
1135
1493
819
79
715
400
1009
308
1345
761
1394
1414
1423
885
601
1320
243
1139
299
1279
949
811
429
134
487
486
1341
484
145
723
422
875
381
1133
489
974
1148
846
423
348
66
586
1427
890
25
1328
377
123
1263
910
828
696
179
526
1257
1422
380
47
150
901
607
504
672
1412
552
1225
931
600
127
514
700
1462
1007
288
1031
1028
633
1292
564
1247
1094
626
631
457
977
191
1436
989
251
530
975
1215
295
57
942
1472
1179
1397
1452
151
872
866
571
234
1115
1272
531
500
238
695
993
635
664
353
434
1433
1405
1041
292
1288
774
419
851
550
374
5
854
90
802
827
1401
733
215
663
1284
1068
978
871
1227
776
1299
455
511
157
420
149
971
832
739
389
1008
965
868
536
1228
686
441
1269
902
1338
75
361
580
325
37
216
449
822
990
630
101
248
141
1035
795
52
1065
1453
905
632
1478
1176
1376
129
103
264
130
1084
250
1047
1382
768
1038
1194
443
1226
313
384
1155
1456
703
1067
169
555
315
775
285
522
1185
748
1060
428
960
869
236
1367
527
1072
492
36
1163
1487
1271
581
1325
322
1166
1354
1152
1371
1481
349
592
736
906
793
265
830
1409
705
984
425
26
1261
1249
67
383
126
192
267
1477
331
1107
925
1265
1386
51
870
1429
1105
1428
1178
369
421
382
655
716
319
340
920
336
447
577
1086
1012
544
318
658
676
1484
1398
653
1495
433
495
1253
125
1117
1468
131
1445
1111
680
190
111
412
415
329
7
991
542
1030
557
373
1174
94
1387
1209
762
1339
694
1447
1032
997
1293
105
397
865
888
1378
1066
848
307
426
38
442
2
921
896
724
1283
567
582
701
287
730
376
93
1181
1095
697
1365
780
70
575
1186
1424
817
636
1045
378
1404
741
986
112
988
388
678
1490
198
771
662
681
773
347
283
644
1492
751
1130
33
1109
142
783
1195
108
197
1125
583
732
35
968
1054
722
468
278
979
1224
549
1034
572
1246
1204
488
556
1318
1229
357
1077
951
508
1368
203
335
823
1322
602
1116
516
744
709
584
1232
668
252
864
178
1480
1182
597
1448
1242
677
1063
87
541
10
445
360
765
170
323
189
1146
895
804
651
1485
725
924
1075
97
566
943
266
82
258
718
1383
207
1189
417
245
385
77
1403
836
1315
239
1088
1180
973
963
588
98
558
1300
835
29
1039
1236
1327
801
1361
11
879
1474
756
1191
1057
579
721
792
1252
188
40
755
316
887
1256
163
482
560
880
136
702
463
204
408
1287
970
770
8
682
1013
1192
257
717
650
137
591
766
1044
1165
1042
510
1297
1443
41
460
1103
1083
1461
757
992
972
115
590
1079
297
403
599
994
909
689
32
1267
120
45
720
915
193
210
1438
933
224
1295
1160
244
42
327
892
998
351
962
1359
659
1353
1023
563
627
779
699
69
64
1375
282
274
759
758
1454
1259
1196
959
44
1449
589
1476
561
517
1093
595
844
262
1090
140
898
657
565
1197
1381
803
1171
166
1358
842
1437
982
985
187
679
683
693
465
106
713
841
168
354
1104
1113
231
118
833
1346
521
146
669
1002
719
1128
284
54
856
451
1114
1473
1027
1062
612
1098
1337
1305
537
690
585
1268
1033
1040
769
164
881
471
706
1121
850
1457
291
611
246
904
1344
523
450
1430
320
493
249
144
470
726
1059
594
1458
1074
900
232
379
1100
302
1210
78
800
816
551
1187
781
815
63
148
687
1416
1089
1431
645
1499
162
366
1285
479
969
1326
1011
464
96
1056
1460
472
81
230
1296
912
1470
104
646
446
617
437
1233
355
966
13
1496
777
535
290
704
456
201
1069
745
139
3
1208
1440
1217
1036
91
1319
1392
1053
976
784
330
1444
1145
1
499
860
1281
12
578
667
1206
587
368
1260
1400
1203
411
1380
576
491
1330
1216
1019
738
1238
1280
407
109
1052
1465
886
362
652
432
1360
1441
1205
518
271
546
929
855
416
48
89
893
219
1143
461
147
214
390
43
671
1262
710
894
1112
1141
1340
62
1018
1157
462
401
1081
747
466
598
206
1384
1099
810
618
623
1343
922
275
1245
764
279
1190
119
83
143
1483
1306
863
593
1471
1025
666
605
613
948
1317
175
1087
50
1311
1129
1357
509
46
980
692
1230
1239
199
950
1351
1078
1048
186
1015
393
56
1270
1124
1132
1286
987
1310
1120
1138
1467
268
1379
321
1390
1212
202
247
661
1274
628
1000
884
573
559
796
539
1254
1167
684
812
889
660
1313
913
1029
212
497
16
334
1202
294
1110
936
237
256
911
772
467
128
729
242
1170
640
1419
113
1349
878
370
68
17
1294
1140
1188
615
1058
1108
787
791
6
19
1298
1122
76
477
1183
1370
614
359
1336
276
410
903
222
923
532
1123
883
324
281
194
735
548
15
707
1450
805
1169
1276
1126
1426
1432
1162
326
1172
475
641
610
520
1201
859
1486
435
100
1323
1421
229
1175
310
173
1302
1061
914
1064
752
873
1410
116
453
625
65
505
839
996
498
117
339
358
1017
1408
1168
263
1193
1214
1159
1415
102
654
656
28
533
1102
1154
122
1498
95
209
496
540
1459
1219
182
824
1150
394
862
1001
674
387
698
217
1316
438
454
1451
223
473
406
891
1363
634
1097
459
372
643
485
1388
786
228
1014
934
512
570
1489
1198
638
1164
857
1373
341
506
1136
375
480
529
1391
1218
794
753
1142
1243
1156
935
932
1258
1151
1301
1251
1071
328
405
138
967
253
436
317
867
953
1417
304
1021
1248
481
132
427
1278
534
306
161
899
61
1469
1096
1235
270
1127
1366
110
1237
957
60
309
1350
642
665
1211
1418
1221
547
1004
945
1177
939
749
956
269
1491
396
964
1051
183
133
952
821
92
20
525
452
1070
1312
1321
999
152
849
226
728
1049
177
298
938
947
1413
528
356
240
1158
1369
439
616
431
501
940
981
1092
165
861
649
342
196
305
303
691
418
1273
1055
1385
954
519
1101
767
734
907
1037
1234
1434
395
1494
260
184
53
1255
