415
562
439
557
628
456
963
664
876
992
610
663
203
642
850
109
180
88
159
877
894
918
505
264
708
221
179
120
492
95
254
431
68
524
540
14
460
166
584
892
311
394
73
279
161
874
324
433
944
928
554
207
334
861
30
75
585
228
646
891
849
387
300
620
561
232
137
979
348
767
908
214
381
257
392
84
723
868
943
939
347
124
296
251
647
358
987
142
313
169
534
691
733
421
21
297
635
341
104
27
185
964
965
5
462
766
144
829
38
886
455
220
770
87
417
277
576
678
596
889
79
882
383
983
994
716
952
859
246
16
490
475
645
193
638
187
312
969
360
37
406
441
382
762
855
351
0
54
511
131
376
463
503
130
655
884
913
606
618
391
840
452
815
751
509
67
442
91
86
857
466
626
836
155
993
746
936
69
516
100
218
99
299
999
667
83
586
181
713
416
742
813
729
694
938
9
62
408
547
527
864
898
758
823
862
60
781
200
403
602
197
389
323
206
517
919
260
525
674
172
444
97
960
775
135
143
699
267
147
271
703
230
205
909
454
940
661
972
116
102
555
875
199
968
339
473
307
418
7
574
445
201
453
603
302
870
186
614
29
388
295
242
25
595
984
96
622
844
160
604
263
937
423
71
702
407
848
510
287
915
934
42
74
650
513
112
371
196
700
447
477
900
932
18
33
366
474
145
429
916
270
458
343
24
198
901
651
461
648
64
712
611
607
689
822
759
481
873
895
769
786
529
189
58
19
101
240
53
906
293
743
929
3
807
165
175
784
514
26
48
637
486
132
761
726
398
412
755
764
563
39
791
272
344
51
336
31
774
765
425
352
531
315
921
852
808
411
749
990
872
904
485
414
274
698
306
268
65
957
192
613
816
171
494
227
239
318
106
843
657
328
754
122
234
549
82
830
838
567
566
658
428
108
253
209
129
434
624
738
81
697
518
10
687
472
824
793
991
903
290
115
853
471
152
321
543
649
353
579
826
690
528
556
512
673
319
285
23
162
437
736
656
362
959
419
495
435
283
163
580
183
278
732
819
149
747
881
851
930
526
923
866
258
971
118
405
639
988
701
110
46
559
538
950
448
331
811
316
961
369
78
953
443
601
72
573
546
842
806
345
126
885
905
608
572
34
625
879
686
621
426
821
724
367
805
630
438
379
617
284
501
373
897
94
676
570
13
982
375
714
854
314
17
404
535
325
303
722
616
727
753
592
973
954
241
521
520
117
728
49
506
956
553
785
752
976
977
692
644
340
634
589
986
662
810
446
59
612
98
150
888
464
922
778
282
771
633
266
970
1
541
615
487
632
20
966
581
41
696
63
893
140
182
451
600
365
12
619
356
430
605
43
374
164
269
157
224
212
709
368
783
70
768
858
427
627
153
949
653
890
22
6
275
801
330
799
715
265
399
931
593
151
578
359
834
558
308
974
107
828
896
680
190
920
654
967
354
550
995
532
52
675
105
955
945
636
301
174
156
440
763
737
792
332
410
825
480
211
502
777
519
958
217
327
173
4
223
530
522
168
946
489
978
195
85
133
583
707
597
975
47
883
588
831
552
730
917
744
802
469
77
491
305
103
941
413
215
139
788
560
420
337
948
261
338
693
363
170
310
523
997
652
871
760
942
809
50
243
280
483
148
629
45
222
545
377
138
577
8
248
599
450
996
259
796
322
735
800
355
542
401
364
575
61
911
980
985
741
508
672
681
226
219
795
827
35
216
424
467
400
812
951
880
820
113
537
704
127
298
740
666
914
856
682
718
814
719
847
863
677
136
899
839
671
119
564
250
204
249
962
409
378
134
998
496
860
845
237
837
177
594
385
457
465
818
238
515
739
488
231
832
779
255
393
798
772
90
789
121
776
695
252
93
493
731
641
989
36
817
114
262
346
910
887
582
225
551
208
794
397
213
11
482
191
146
176
288
304
833
244
907
44
669
436
780
668
396
803
292
89
245
539
710
235
55
468
631
804
390
320
32
571
869
659
111
361
590
790
40
294
28
432
123
841
470
167
609
184
927
309
587
773
459
178
643
158
670
256
76
289
2
57
335
757
128
756
273
734
141
291
449
498
349
276
500
342
947
233
80
665
684
422
380
326
66
867
548
750
591
569
640
281
721
479
679
15
705
924
194
725
717
350
797
720
565
92
981
229
395
247
835
357
286
902
210
125
933
504
507
402
925
329
478
154
317
706
544
568
912
685
688
846
878
533
623
745
188
56
598
499
372
660
370
384
536
865
935
202
333
484
711
748
476
236
386
787
782
497
683
926
