273
453
15
166
124
56
11
65
241
506
784
405
435
118
334
682
64
968
718
738
168
661
246
848
574
495
107
352
22
417
151
31
370
367
764
256
769
344
496
659
296
351
651
985
745
319
711
324
347
47
583
228
219
962
762
546
580
885
775
864
426
986
958
776
515
386
798
38
250
474
904
618
209
454
900
483
439
499
455
186
135
916
922
210
67
600
196
16
861
560
376
30
106
308
478
8
800
513
783
602
247
199
734
717
837
591
791
494
961
132
46
475
889
564
964
279
869
315
627
697
194
569
999
294
645
271
500
701
436
952
992
865
126
18
522
201
36
297
920
669
429
180
876
886
12
20
5
78
360
392
566
852
471
654
354
29
62
741
860
265
329
910
544
437
993
553
52
643
257
815
188
786
358
878
285
638
616
622
620
66
902
777
95
950
167
147
217
353
840
870
731
348
419
440
805
154
850
672
804
888
445
628
204
675
372
727
13
253
90
466
906
836
295
812
714
110
929
32
526
606
359
588
117
318
708
838
238
43
975
692
501
844
384
134
442
401
955
218
685
624
759
713
974
520
893
227
381
696
213
843
390
433
283
416
656
856
839
293
706
301
63
715
229
34
255
772
205
556
561
434
242
373
896
677
368
182
449
163
173
504
482
710
525
23
380
594
259
14
829
720
161
172
174
849
883
938
973
446
68
529
470
787
873
940
275
933
953
819
288
51
871
268
357
189
120
563
365
753
362
723
469
582
915
552
754
780
60
41
683
321
234
343
10
748
146
635
542
423
530
171
957
611
686
184
936
817
207
779
44
337
521
960
85
976
626
284
781
835
92
746
291
868
518
510
82
613
88
862
987
350
726
231
970
983
851
845
665
77
461
767
377
490
142
946
277
555
834
866
252
304
409
81
540
149
899
859
991
40
538
567
448
479
157
601
290
306
903
977
641
882
579
326
539
338
232
814
379
112
176
578
216
200
317
649
457
39
512
206
403
984
272
389
327
926
674
757
586
425
822
855
170
698
670
755
340
276
488
333
610
847
55
948
382
444
818
548
634
673
264
695
761
752
320
733
349
932
699
509
534
130
617
104
468
707
887
712
121
587
828
69
740
443
785
374
267
832
493
573
72
485
747
336
593
821
742
942
99
431
810
981
597
770
222
562
402
680
572
341
650
652
476
412
605
956
941
287
854
243
422
907
660
86
115
700
599
908
54
7
768
577
679
28
280
299
240
177
415
399
3
725
806
420
716
26
678
211
156
721
516
111
590
730
881
105
668
150
364
531
212
609
809
914
193
215
303
793
541
316
91
109
615
760
139
187
751
235
943
704
937
447
963
639
123
460
245
756
689
162
796
642
863
404
127
260
895
527
744
792
249
244
825
159
103
325
729
949
35
76
737
221
270
101
857
388
816
630
408
667
248
37
532
79
140
4
113
261
122
901
195
945
322
89
631
592
313
383
802
9
758
133
858
438
198
484
584
282
502
50
549
395
909
568
705
310
930
53
451
879
702
884
576
636
96
312
807
424
621
58
421
808
872
430
655
519
73
491
765
237
988
236
924
797
722
648
928
827
169
691
153
795
391
411
42
995
57
220
585
223
332
307
508
589
996
550
145
465
763
302
969
979
178
842
418
458
363
581
994
944
239
427
385
894
414
598
369
281
202
87
230
917
179
456
141
663
557
266
33
131
452
676
687
387
947
462
2
75
931
782
778
773
328
507
997
398
203
789
286
853
966
724
309
874
803
664
432
653
690
891
719
911
346
497
684
314
136
93
646
164
181
935
693
978
892
214
258
826
339
662
305
183
629
289
790
80
524
467
604
736
537
138
743
21
570
410
225
877
19
632
94
108
820
254
345
278
137
100
441
998
371
918
263
450
269
543
735
342
27
709
612
771
514
523
331
559
971
45
503
528
596
97
61
813
102
633
732
144
681
951
428
487
114
155
750
473
397
355
463
472
517
694
160
688
413
965
24
623
619
393
608
841
703
905
811
939
739
492
477
300
406
913
208
226
486
143
766
6
565
551
595
607
897
658
774
375
49
185
25
749
84
480
919
298
481
311
657
70
152
846
666
119
989
233
48
554
505
192
625
158
378
831
640
323
361
547
533
116
614
98
788
934
191
489
794
545
890
330
875
801
262
1
982
125
799
129
165
190
637
536
972
824
880
366
867
558
603
830
644
927
175
464
400
921
459
407
71
356
833
990
498
535
0
959
647
74
511
980
251
292
396
335
197
128
83
954
967
728
274
823
394
923
17
59
571
925
148
575
912
898
224
671
