885
1181
1138
1102
1118
1022
1208
1088
886
60
1281
319
1059
857
517
895
507
441
377
685
277
1412
368
980
1396
1381
576
1451
1090
75
266
689
1111
626
779
876
513
293
90
1047
211
650
1201
1487
509
1089
627
835
167
1389
908
1465
999
1165
1299
486
555
426
853
1189
906
1110
799
969
1288
437
774
163
1249
422
330
461
1145
1354
321
866
286
153
1322
608
588
970
965
772
1266
1489
436
758
459
1466
623
1108
487
829
1475
1075
169
63
1025
736
1164
5
464
1311
1128
915
831
243
467
373
656
199
1002
361
1236
1267
1419
412
1377
1091
313
1126
152
1184
1030
844
134
786
1298
336
440
402
648
116
421
1468
170
478
1421
378
1134
289
168
365
466
338
1368
3
637
565
1217
203
438
292
244
602
1380
574
205
325
698
511
1001
349
587
568
858
413
1434
640
987
1324
1349
1269
887
179
100
308
620
390
589
1077
1309
680
807
777
663
942
551
794
497
309
1435
822
615
766
1317
376
69
1264
1323
1015
55
940
814
1043
1238
1034
328
798
1040
1357
759
33
1356
333
1321
416
661
1204
600
1283
804
569
304
963
1031
900
320
927
941
195
473
1097
622
141
148
1061
897
872
35
198
258
1413
1426
125
1150
1379
560
977
959
1460
773
1382
935
1122
1113
1103
1360
1437
1462
126
790
593
806
584
521
693
1255
1271
297
993
392
1053
810
525
231
1291
191
499
1276
362
1320
875
854
216
113
109
1393
679
708
644
851
233
964
573
785
39
34
1313
1325
1260
121
1232
645
1286
776
425
405
1240
342
1144
291
355
818
1376
686
1177
947
1473
1081
347
1275
1211
47
956
48
891
842
1101
234
114
564
1203
801
430
966
1237
1190
998
382
604
31
716
783
917
124
495
1388
1194
1086
245
20
703
457
918
149
84
174
1394
131
724
161
939
389
284
133
1121
642
65
442
850
1168
764
138
1440
29
340
23
310
282
647
660
978
707
1328
165
676
27
98
1270
934
563
46
397
515
137
1245
1424
278
954
1474
1209
923
92
1000
1450
928
612
1142
1167
904
483
1445
318
1235
544
287
1229
609
1106
253
1082
1454
385
104
89
585
1331
1200
995
729
444
1456
144
610
1156
490
1387
840
1085
538
1411
317
432
874
1196
80
1159
108
1223
157
534
334
1078
226
877
611
667
683
455
101
1147
407
784
300
74
1407
1178
599
926
1024
545
547
482
595
17
750
139
1115
485
651
824
246
523
1457
659
1035
429
536
1129
335
395
849
1455
283
1448
932
190
252
582
1130
834
529
446
1234
1127
1163
938
81
1018
720
1302
140
1162
931
605
974
129
1306
1227
848
1295
880
83
1384
363
546
22
948
186
955
404
1070
763
45
93
893
235
1429
1416
975
871
1498
813
907
677
802
878
1330
1073
1340
1036
1212
825
725
1072
350
329
298
1096
861
269
218
1452
890
782
925
701
1251
354
1375
1011
372
775
1019
155
172
1257
1180
388
542
1491
540
263
633
909
1155
1104
67
621
665
337
15
902
1482
1210
1174
1404
239
669
326
229
561
1095
1297
311
42
91
1219
399
443
1133
177
1308
431
1383
375
657
1439
636
570
183
817
597
37
184
985
268
787
514
1373
51
220
1012
1278
173
117
791
735
307
929
120
224
225
208
761
296
1252
1262
1409
1348
1316
1366
933
1187
1492
532
754
803
44
594
962
176
11
710
579
1188
275
1428
96
971
1132
352
1461
1395
1161
519
901
1458
1273
332
406
493
1438
920
188
1442
1107
1432
88
688
232
1146
1467
728
383
175
162
662
1176
749
896
1497
391
922
780
836
40
160
14
837
1228
643
526
419
911
1417
739
1131
586
1123
704
1441
182
180
527
1241
808
652
24
1315
1221
973
94
967
339
1054
726
1247
614
43
420
1026
1171
789
181
353
518
1124
691
1476
370
1403
678
1114
718
1045
672
403
32
1066
988
1248
1374
1120
1471
359
711
953
566
1332
1051
960
852
276
992
299
607
105
520
1226
1344
364
64
159
1350
265
709
1023
8
16
741
62
1141
1032
994
13
603
1017
1080
1272
1254
143
1495
250
280
756
1342
1284
456
448
474
1079
1369
996
747
1105
524
401
745
944
828
924
1243
673
639
237
951
675
452
127
968
743
288
664
158
1486
1427
512
1415
477
845
99
556
1125
70
259
1410
19
554
207
472
1345
943
217
187
52
201
147
1183
1318
468
418
617
360
386
1484
1220
1406
1062
1233
702
1151
58
937
21
86
522
408
882
630
919
2
805
1170
867
859
504
742
961
1341
327
1050
214
950
151
491
697
1488
488
346
427
770
1335
910
1094
1099
410
575
112
1185
1353
470
558
1006
1336
480
752
77
449
670
110
331
1265
1244
50
1296
238
341
733
833
82
972
543
7
596
1192
136
351
616
1152
841
290
510
1057
18
751
264
295
719
1154
1013
123
260
505
128
294
1021
1037
1256
1052
439
210
730
1490
435
316
1391
348
1206
1207
1446
142
475
1420
356
4
53
982
879
240
1044
945
271
1423
343
795
415
1447
358
1222
1169
61
496
1182
1304
68
991
986
36
102
453
462
471
1358
222
315
898
624
28
989
267
1135
41
503
1352
549
1020
1225
302
1140
843
396
1215
1463
274
1250
957
658
1433
572
760
715
1400
528
830
792
423
324
899
1136
690
189
734
164
1402
921
1067
562
1008
681
1355
241
868
1422
1112
590
323
1436
508
894
281
811
194
1242
696
433
213
1305
1480
345
905
727
1408
869
73
107
1300
460
881
498
1160
394
71
494
1218
1334
1143
1371
1029
1363
54
166
1083
1443
409
732
87
1364
913
1038
10
1301
550
249
1425
1493
193
700
206
66
1224
1261
1046
56
1230
846
476
641
219
1084
533
1307
721
1003
1197
655
1048
454
864
301
261
581
1074
723
997
1397
25
1100
1279
591
952
1405
674
1028
823
914
815
384
1009
387
1010
839
1268
434
132
516
1213
411
1430
154
1093
856
1282
1333
115
1293
1005
1338
1312
1014
489
111
1385
1303
130
1351
6
1148
1479
1058
601
855
884
767
682
847
270
1246
889
228
1367
119
1390
500
812
1472
717
1287
1401
1319
118
863
1055
256
903
479
694
463
976
379
122
1049
705
757
1483
870
212
695
223
990
393
469
1290
1231
1346
625
248
1359
171
1158
684
983
1478
738
95
816
502
744
740
541
619
788
883
580
1116
531
1027
638
762
916
571
713
145
559
1149
257
778
209
737
838
1119
1414
731
1076
668
424
827
458
535
1042
445
567
1
755
1314
629
1195
451
49
1063
613
936
1362
1343
1444
1193
428
1139
1469
1157
1386
227
150
1173
197
1470
1477
322
1175
1056
251
492
185
1449
72
501
1399
1453
1069
1481
135
1418
78
800
272
103
1253
1494
450
1216
506
826
1285
592
1191
1060
892
692
1327
1347
1372
1068
1109
414
781
1087
1485
768
1280
366
714
865
888
820
303
1179
1310
367
247
1205
796
635
1071
862
1258
706
221
1137
649
583
255
699
85
1365
1153
242
97
552
204
380
539
314
371
1007
632
57
577
1361
1277
236
178
753
202
305
979
984
1166
530
1339
417
76
912
398
481
306
230
106
254
628
59
357
1398
196
1098
1289
553
981
1459
671
1337
1172
26
79
447
1499
1392
192
1370
548
666
578
279
1326
400
1039
557
1033
1464
793
1198
344
0
1378
946
653
598
1263
30
1292
273
1274
873
262
1294
381
1016
484
1496
369
634
746
860
1329
771
606
1117
958
1065
1041
38
797
312
1199
765
646
687
722
748
1092
146
537
156
930
465
1431
374
1259
631
1214
809
654
712
200
1064
215
1202
832
285
821
819
618
1239
1004
769
9
1186
949
12
