292
680
924
913
490
431
476
730
245
14
827
886
350
75
286
921
430
619
291
125
988
703
527
134
52
235
111
281
458
768
605
548
994
478
551
437
522
528
456
523
930
66
121
719
334
436
467
92
464
30
965
733
35
697
942
117
136
157
694
593
581
159
1
816
634
188
367
371
817
587
640
179
658
466
13
314
771
740
556
320
798
268
891
934
101
649
589
29
774
904
911
273
339
614
177
595
726
427
837
969
153
229
603
417
881
231
613
600
413
577
345
373
338
531
755
783
758
89
171
712
592
164
361
217
833
834
557
515
354
683
0
284
763
831
987
873
46
365
787
943
260
392
794
652
708
261
45
596
643
257
97
938
474
653
241
770
546
342
611
815
724
165
622
24
655
360
989
582
716
707
310
500
977
844
738
487
739
316
538
234
470
85
860
952
905
765
488
448
129
12
176
69
267
616
900
991
743
397
72
194
93
112
155
720
36
246
294
369
486
132
536
654
319
575
379
239
797
452
264
192
198
524
919
438
223
838
760
196
673
8
370
849
791
283
251
169
698
615
387
543
61
895
980
82
240
311
788
170
28
993
34
992
503
631
656
16
597
564
318
162
449
304
22
535
362
252
767
256
796
897
479
27
391
401
588
475
225
220
139
709
880
77
390
960
224
586
337
54
178
688
641
534
805
39
472
906
663
102
944
237
380
216
330
429
723
271
715
532
618
516
160
432
590
175
547
829
744
701
250
322
236
599
800
978
207
669
729
780
635
585
141
879
736
213
642
412
278
386
255
836
718
378
31
786
570
184
51
103
189
493
563
290
143
5
927
876
10
325
974
810
226
42
914
473
124
807
887
814
254
73
499
983
161
647
26
415
336
115
598
629
580
269
820
626
518
591
512
630
552
803
784
496
107
302
79
406
863
219
433
916
539
191
506
104
59
402
972
78
211
620
60
959
957
331
399
428
699
764
553
662
799
315
544
461
748
305
444
529
583
633
894
802
690
7
627
174
407
845
968
954
693
682
883
574
381
408
206
793
782
606
638
480
612
377
929
725
40
852
996
382
561
363
270
526
661
677
542
572
293
625
912
874
861
148
221
90
17
843
74
359
84
190
734
25
296
650
936
517
948
186
485
441
756
822
21
434
6
737
145
858
64
394
309
424
215
15
140
731
835
882
671
298
854
804
964
137
385
114
96
949
908
248
279
842
562
326
43
446
840
922
457
91
151
323
389
939
297
990
33
288
383
495
659
674
454
576
889
762
332
578
108
41
956
828
579
505
997
722
525
981
507
819
462
745
483
222
686
491
357
937
664
181
481
806
610
205
468
966
628
199
608
648
867
940
404
979
306
20
80
560
249
208
422
126
933
998
869
146
672
183
584
955
335
821
644
520
617
340
848
945
57
624
567
809
398
86
910
795
120
119
163
232
321
489
400
482
2
967
901
172
123
358
514
295
754
871
233
67
537
88
289
668
156
772
773
238
750
702
142
263
963
53
374
830
676
158
509
317
689
565
242
985
549
423
32
777
38
918
872
50
884
742
801
243
717
204
679
851
853
670
609
602
265
494
280
637
127
824
347
741
621
167
533
747
308
109
864
721
541
453
903
443
218
984
405
99
825
896
890
761
687
632
601
47
147
646
166
71
917
276
76
301
343
469
812
846
498
999
665
639
133
471
200
49
962
705
414
568
899
492
410
727
285
700
778
953
550
395
877
83
875
106
348
4
554
928
841
388
62
975
569
287
826
645
195
94
19
202
753
173
847
122
711
545
573
411
519
303
442
832
823
555
502
55
510
212
149
187
497
275
375
660
779
426
857
513
839
416
696
105
850
751
68
355
892
440
888
623
995
419
447
274
459
70
692
376
651
463
781
37
451
713
272
961
425
313
862
152
193
508
636
866
396
540
982
691
775
351
128
790
685
973
766
228
868
870
95
439
681
138
759
299
168
530
214
594
353
604
48
312
11
352
282
907
986
81
210
813
110
333
403
732
465
329
566
950
227
818
450
976
180
307
735
684
100
87
695
23
893
18
445
511
201
455
675
460
65
409
135
262
946
259
247
98
865
920
344
393
785
811
855
657
898
368
341
856
185
776
769
971
300
244
154
931
757
932
559
926
130
116
203
209
118
258
752
327
749
558
704
9
366
947
356
935
56
230
197
58
182
131
3
346
501
328
277
418
678
571
878
902
706
384
144
349
909
63
666
941
710
420
435
923
789
504
607
484
792
859
746
970
714
915
958
808
253
324
667
266
421
951
44
113
925
150
477
728
885
364
521
372
