616
931
718
155
478
677
934
912
702
334
533
729
995
665
148
881
728
319
809
286
440
225
705
976
683
480
649
712
203
351
742
383
378
329
932
105
935
946
758
511
176
654
16
842
371
14
660
288
816
397
941
338
56
494
585
389
794
836
197
373
400
528
42
119
485
413
961
443
417
957
743
501
990
217
737
882
714
402
981
139
704
258
242
5
633
441
968
878
629
952
924
817
804
162
600
497
10
411
960
445
793
232
356
530
456
708
938
488
477
892
939
554
473
971
831
381
564
145
916
348
182
566
110
298
115
70
802
834
753
490
69
178
375
187
222
253
4
503
481
52
450
365
864
272
460
598
756
650
726
461
580
923
458
467
877
544
681
299
202
387
652
127
685
781
688
108
706
586
293
908
179
775
422
171
796
163
429
240
280
833
65
631
241
369
996
786
408
495
581
605
538
603
695
80
367
206
130
25
659
595
344
96
95
559
904
929
722
82
915
849
716
360
752
264
204
354
634
36
234
479
741
925
54
799
361
535
857
891
66
734
900
686
663
377
61
979
801
398
72
744
621
527
35
887
948
955
751
723
157
255
321
947
101
172
977
872
779
168
519
345
999
6
341
45
143
364
541
903
507
183
103
439
77
46
85
676
184
851
84
700
989
218
653
772
599
563
283
671
76
532
140
124
733
28
630
509
414
394
740
707
12
562
297
873
787
754
933
861
850
897
94
307
620
940
167
455
748
174
639
284
150
487
55
117
547
717
612
590
574
778
464
300
216
917
862
47
22
226
342
860
606
642
340
731
366
553
818
945
219
701
292
462
975
472
902
967
207
263
271
763
918
2
423
74
898
907
820
384
557
68
825
749
647
91
610
632
254
192
747
757
657
611
724
545
769
696
720
894
180
328
661
308
448
33
282
672
992
888
436
986
251
867
153
78
492
199
521
885
837
337
875
15
489
993
656
602
170
859
502
235
442
468
43
476
67
548
890
430
295
750
459
86
567
220
845
884
252
856
186
721
165
800
294
290
819
577
623
406
608
89
655
795
944
709
210
449
593
0
984
173
651
60
142
713
609
576
637
304
673
330
151
870
777
669
558
805
31
104
256
587
982
8
125
506
518
782
991
963
75
444
956
776
420
306
122
437
111
738
988
209
863
191
311
771
687
166
675
798
237
835
128
257
829
363
71
601
352
965
607
624
403
568
453
138
536
573
276
638
146
715
556
427
475
838
951
604
395
920
154
303
571
814
268
484
791
331
261
466
949
399
572
99
109
421
589
922
249
213
392
346
287
618
997
380
871
773
893
221
810
937
674
546
368
840
474
446
123
438
482
201
780
339
415
388
350
81
640
853
347
245
401
493
537
238
355
64
262
575
270
824
404
524
188
868
277
486
229
645
214
11
789
529
807
767
930
526
662
876
496
972
510
914
641
827
447
133
973
322
244
37
730
762
622
615
690
50
735
899
73
727
525
764
596
978
317
790
889
699
27
97
228
698
233
531
739
152
560
57
644
565
267
309
132
357
90
382
463
100
770
901
732
958
843
812
289
312
619
32
783
643
161
983
391
680
181
156
768
246
668
746
959
279
62
7
745
315
725
760
913
534
428
761
866
265
305
919
803
190
697
678
106
386
93
858
539
435
823
434
710
906
766
692
797
625
452
846
425
372
694
169
396
921
211
291
998
374
63
194
149
98
491
362
844
879
296
498
185
147
523
994
886
500
431
335
517
719
765
26
416
41
102
869
684
614
164
51
324
865
736
200
855
854
23
664
646
964
316
227
1
514
370
126
542
552
320
561
617
208
636
409
943
193
376
759
53
635
830
788
285
953
808
231
17
310
114
755
243
962
113
38
936
974
513
247
667
20
682
177
584
175
550
515
980
266
393
379
966
911
223
522
570
813
343
579
248
839
583
136
118
848
13
826
942
359
784
543
711
29
390
196
815
30
49
954
627
160
260
582
407
926
44
499
326
121
9
508
314
792
112
811
591
410
215
597
21
195
313
259
79
40
465
107
691
549
874
83
969
520
555
693
158
230
821
426
703
405
658
358
323
457
349
666
594
224
883
134
679
987
689
471
336
275
301
451
910
551
928
274
59
116
236
516
424
92
774
120
48
34
205
828
832
905
137
385
250
327
418
353
512
970
135
613
212
281
333
569
433
785
469
412
454
470
909
419
302
325
985
273
847
129
239
927
592
483
852
648
159
278
504
822
505
144
895
19
950
3
806
628
24
432
670
540
58
131
880
841
588
189
318
332
39
198
141
578
269
88
87
18
626
896
