279
708
517
222
561
502
963
351
488
893
763
365
177
695
731
834
960
200
494
376
402
924
510
363
500
934
295
343
991
291
67
246
800
664
772
768
305
474
889
87
529
690
612
30
323
91
619
660
385
920
215
375
29
700
981
312
468
583
978
954
841
457
771
628
823
790
798
119
826
220
781
724
240
147
883
972
395
719
284
536
980
120
300
201
578
808
952
320
805
49
945
137
491
460
839
206
186
830
289
580
483
537
550
204
758
438
969
629
802
505
967
98
618
326
827
986
27
538
773
875
140
14
218
820
378
739
79
151
70
197
276
394
155
716
914
887
344
477
906
322
20
72
461
584
605
526
62
310
259
407
297
844
413
778
208
379
184
633
880
164
269
389
195
304
356
982
16
19
406
370
993
262
912
701
793
35
503
22
592
467
613
663
736
835
555
759
439
779
519
243
316
740
38
434
879
761
271
183
878
57
118
856
162
678
873
149
308
408
971
307
458
853
196
80
45
918
938
848
876
397
674
225
238
992
13
301
166
313
364
545
211
966
900
384
749
347
784
169
947
3
533
498
997
572
473
97
504
480
161
445
576
872
340
132
267
864
391
804
380
990
61
319
135
214
723
422
976
858
907
377
450
522
767
659
357
770
437
987
249
722
666
274
260
257
571
8
909
783
734
153
436
163
174
552
668
620
432
850
369
469
245
285
698
101
928
361
73
456
40
711
224
150
130
121
727
141
508
615
518
617
293
735
435
747
898
681
487
933
21
709
953
527
277
386
597
409
419
244
138
28
85
18
272
684
34
2
50
796
556
55
702
897
589
977
521
193
725
687
190
939
606
144
564
596
198
311
112
566
745
622
465
165
270
417
106
513
353
931
114
232
393
656
77
610
523
181
703
567
821
797
252
146
478
860
421
757
641
590
210
317
466
100
374
247
99
237
495
949
108
315
447
631
229
787
765
624
335
1
789
154
801
650
411
170
499
102
76
359
239
888
720
367
955
324
625
911
93
884
256
531
705
810
999
0
134
737
632
728
423
697
194
944
577
616
785
6
782
454
871
950
942
535
922
418
831
290
459
563
865
486
261
349
11
448
780
187
493
462
400
956
691
916
405
203
387
470
43
849
979
870
396
124
15
791
41
838
688
131
683
143
751
309
228
534
388
333
36
713
710
547
148
799
83
399
520
890
251
843
637
693
989
366
755
675
630
332
579
127
360
623
587
742
479
817
874
17
662
689
842
258
471
891
658
145
207
857
815
113
896
371
627
915
676
192
404
608
539
721
655
328
334
88
626
128
33
116
593
136
117
648
412
110
440
182
446
532
961
265
78
506
885
696
948
509
217
646
212
598
729
248
172
525
704
31
283
111
985
278
803
901
943
416
670
932
202
472
964
299
661
426
762
923
382
126
818
743
354
574
733
234
453
424
44
855
338
621
330
255
489
816
840
603
568
253
983
199
836
582
54
64
133
368
809
988
263
481
429
159
764
869
32
766
974
554
352
75
7
935
585
463
819
12
39
682
350
410
775
288
482
575
685
863
250
540
273
732
653
825
26
287
122
917
451
129
179
829
235
383
188
230
71
185
318
726
302
712
753
718
852
512
176
390
635
298
927
484
490
464
642
60
325
514
442
910
4
651
341
812
643
936
774
686
96
219
66
859
602
634
588
846
645
995
303
607
373
42
994
644
807
973
306
264
892
654
449
63
881
296
168
191
984
475
123
152
336
74
558
282
171
882
401
640
109
919
346
51
175
902
921
25
81
125
355
903
833
515
560
167
23
321
507
543
657
398
496
970
672
614
241
227
862
268
103
452
595
677
814
82
358
611
679
104
756
441
822
851
516
47
178
266
861
562
542
160
339
886
139
444
94
904
541
524
209
142
715
837
847
551
213
37
9
975
594
553
157
959
609
671
275
180
586
741
548
158
806
877
314
581
549
84
792
905
105
899
946
832
173
769
926
348
929
68
569
455
231
717
233
5
937
786
638
600
544
996
649
345
156
957
372
337
223
280
673
294
95
492
811
226
56
433
86
362
281
415
930
599
866
699
639
962
565
530
777
414
327
221
420
90
286
430
746
854
591
714
895
573
65
501
667
46
813
24
242
636
425
604
845
652
92
913
692
794
403
665
557
428
392
968
776
795
941
744
894
236
107
788
427
707
828
559
752
748
443
58
511
115
958
998
867
53
48
254
59
760
329
528
292
381
497
89
669
706
750
331
205
940
694
189
216
431
951
680
754
546
824
10
52
647
738
601
925
868
570
908
476
69
485
965
730
342
