1235
264
415
905
518
918
1099
435
79
303
1196
578
1255
392
1381
1116
716
178
1419
1246
1185
1023
106
298
175
1417
638
1171
1224
52
847
820
725
47
26
226
1181
539
1339
464
887
812
180
942
1420
141
218
330
1394
1287
477
1157
528
1252
393
823
1036
829
1114
675
676
831
1031
475
195
177
85
575
1071
604
531
928
236
1199
1324
317
1229
182
19
653
1360
758
441
800
40
1299
501
1254
429
1316
1355
1247
1219
259
745
201
869
875
733
626
1251
1272
1310
615
335
712
174
1119
1056
123
909
992
618
555
1307
714
813
986
222
1066
385
1045
1480
248
474
502
414
1122
368
439
602
726
1104
583
1192
390
611
1427
935
31
582
1034
1183
212
1325
0
436
1197
760
1401
678
134
229
190
1409
1378
1298
1499
795
237
124
832
1165
84
453
1063
1449
789
944
510
1350
625
661
1105
537
756
1457
59
479
292
281
612
658
1447
224
727
481
1123
1155
731
565
728
260
892
130
1481
670
87
899
959
1096
1415
880
603
10
1021
1249
1159
810
1333
873
927
397
391
1158
584
734
938
524
879
1323
1399
1295
372
815
835
301
1365
1234
1437
1089
1290
546
164
1144
1221
784
787
1178
494
886
1354
995
1112
83
730
285
1361
1312
92
42
1018
365
159
550
1320
3
1121
1265
607
96
1460
1444
1137
544
1214
1451
860
291
88
296
772
900
668
791
1172
1438
196
82
359
18
1429
957
209
1322
280
81
145
448
1216
855
1054
977
1241
411
488
608
743
1446
1372
1042
561
295
1205
961
252
788
902
1445
920
1282
1383
434
38
707
172
204
220
279
953
28
127
1029
1435
1266
1294
1058
556
304
1393
720
623
1146
93
1496
361
1414
830
1300
375
1353
467
939
585
1039
659
155
1388
206
1297
1190
755
976
1222
862
639
1062
377
34
508
404
354
244
1053
154
775
500
98
997
1477
723
866
1256
113
753
631
1475
1495
796
1261
535
58
1450
970
461
183
1020
364
941
1269
1305
235
979
208
1182
412
724
262
1471
394
496
826
1061
704
72
369
838
1453
221
94
258
984
213
233
480
706
432
1308
872
1094
100
627
1362
915
912
447
1413
401
949
863
742
184
45
699
1304
635
694
711
110
15
1027
1004
109
315
115
1270
46
1473
757
1405
532
513
104
86
1327
809
1375
420
1212
148
982
665
1204
581
194
56
1086
1174
1368
4
1377
274
606
514
596
376
157
321
1268
817
1015
545
525
985
77
251
904
897
44
571
914
102
785
562
683
289
462
988
1418
382
1329
952
163
1167
1006
1334
1161
614
431
802
697
692
595
925
622
367
1306
1001
946
60
586
333
444
1279
1340
297
1343
211
108
1303
410
1284
89
1049
1351
781
1008
1152
1095
131
459
1319
1379
833
1093
320
61
1000
1051
1084
906
547
1345
819
548
881
1465
1150
1218
910
719
150
1485
188
342
70
709
674
649
1169
908
1127
1059
616
1412
1028
768
440
489
884
1231
424
940
1132
1389
101
225
1370
951
366
1336
527
643
1098
705
844
16
1293
926
948
384
503
896
1244
223
445
1380
1073
1110
30
590
966
1187
748
343
128
691
960
509
574
1202
324
698
747
871
64
53
151
739
588
162
543
476
621
165
270
1288
290
346
438
1296
63
1201
594
1338
36
1151
417
876
469
348
687
1005
732
17
1083
856
119
1311
383
1077
1198
329
1220
48
1434
1237
529
322
455
170
121
198
1154
1374
1470
973
186
1364
1258
263
803
609
637
156
1430
652
407
506
1108
558
689
964
681
1215
721
1436
492
671
693
1463
1193
32
207
580
1142
505
144
247
1017
381
549
1441
1476
1286
485
930
234
762
845
1397
318
269
1410
1462
91
1206
137
777
1091
1
641
999
885
1494
161
750
975
1207
916
484
662
379
197
1126
1145
334
1232
650
888
1398
331
147
9
199
1474
143
139
577
865
1275
998
189
1484
166
648
1289
21
1313
680
824
386
567
1156
1041
1138
1022
1358
325
1024
962
852
710
41
969
454
696
786
55
132
761
422
1107
853
1408
570
358
265
171
176
780
715
1179
1472
395
686
958
1280
1026
919
1044
684
398
632
1498
1125
275
451
1406
173
1467
349
1097
1315
1047
663
1260
597
837
1102
1448
1385
332
1106
1483
1046
1111
1240
534
861
135
1055
1011
430
1118
1002
804
231
1170
974
181
1162
416
1238
294
589
1466
746
519
1147
396
1025
504
1012
877
133
152
487
442
1048
1283
1423
136
114
634
219
521
388
1384
1109
1226
345
1239
493
242
1452
255
1227
1175
702
230
1120
1317
523
443
227
1130
33
103
1013
630
1432
640
1391
718
1081
1030
319
857
932
1040
457
1402
427
901
300
62
1390
945
491
805
362
271
898
389
1257
126
605
246
1346
807
437
1363
478
1411
203
963
722
587
1211
495
1168
323
353
1332
312
302
848
859
1396
1424
118
446
825
931
287
217
402
1486
778
657
314
980
769
560
1357
1431
1369
169
336
371
1348
338
828
1376
288
95
1117
559
759
673
254
1330
764
243
1277
779
97
522
277
1291
1367
512
1188
450
337
497
542
1404
90
1248
13
770
273
1433
238
1194
672
765
1072
936
360
1426
370
576
1035
339
1087
741
1236
69
421
1273
667
78
533
1422
841
1326
74
1180
1082
2
142
99
579
536
850
1203
592
541
907
29
1416
642
456
843
526
827
1228
700
1069
433
65
655
286
1079
311
1033
1392
1050
1264
73
599
228
708
1245
713
895
1344
1067
867
1176
799
557
249
43
647
846
468
1459
1479
890
245
240
160
1468
749
922
651
1131
1314
313
868
950
839
808
956
923
1064
24
929
771
991
1262
538
917
214
1128
299
954
1407
463
1010
568
937
426
554
685
1487
1195
1074
1278
600
37
399
482
326
1100
1403
215
737
452
811
564
191
216
39
282
1191
449
253
284
794
6
717
470
1373
1075
858
1335
816
767
373
1133
968
1352
752
882
200
1443
983
309
1009
1321
111
351
1349
308
776
818
1464
1068
1200
669
1052
754
1456
458
834
729
1488
486
149
943
870
572
356
352
690
473
122
593
990
624
1208
644
1080
465
1065
1139
1250
75
633
1347
50
1342
1060
913
1057
921
1285
460
695
340
327
8
933
883
1141
1007
620
66
1259
797
1016
573
140
1233
664
1469
23
978
878
12
11
310
357
955
1189
406
158
660
1085
125
428
793
530
821
210
471
120
1490
192
645
293
51
1136
563
1103
347
193
1078
403
849
1217
341
1173
1070
1043
499
1461
1478
1454
1019
981
701
1318
1267
646
822
7
363
679
1164
153
516
419
520
677
798
1101
1263
1253
836
67
283
54
972
490
1135
1003
889
466
1301
1458
735
1148
782
1153
423
400
1038
241
1129
1400
967
1124
1166
1149
617
138
801
965
610
202
1276
629
924
891
1366
1160
1274
483
864
1032
740
1243
35
374
774
350
654
613
250
1425
971
409
893
1186
1497
25
57
1184
507
911
20
773
736
996
1328
601
628
387
1428
205
1359
1455
1113
76
116
1382
656
1163
874
1088
792
688
703
378
894
783
5
257
666
1210
261
515
987
1134
68
71
146
344
1281
851
1209
854
1386
1115
1225
1242
1223
1439
1213
276
1014
355
305
413
1356
1090
129
636
168
553
947
1292
117
993
842
744
187
107
903
551
27
598
167
1302
1491
306
934
682
278
472
380
266
14
256
1440
408
566
1442
814
766
268
552
1331
763
49
1092
540
418
569
1421
1493
511
1076
1271
840
1230
307
1482
1177
1387
1037
1395
1492
1489
185
105
112
267
425
179
806
1337
22
738
328
591
751
272
1371
405
989
316
239
498
790
619
994
1341
517
1309
232
1140
80
1143
