346
601
115
742
347
953
943
863
129
771
797
466
353
319
922
345
133
47
388
136
985
516
833
88
317
301
777
892
85
77
576
262
942
689
756
855
616
618
845
520
106
414
98
41
524
935
69
181
257
74
68
501
334
680
33
205
43
796
137
362
95
476
925
852
893
65
807
674
3
405
394
671
904
821
425
745
25
53
507
44
769
828
413
658
544
575
792
139
402
479
261
984
281
451
458
787
285
102
614
51
722
844
350
210
975
326
786
259
861
977
87
372
161
492
712
532
644
900
314
124
208
767
590
612
8
748
431
597
187
982
826
660
165
434
603
397
277
729
399
441
938
487
283
379
602
675
701
182
163
193
449
830
696
659
143
341
822
349
498
776
66
772
613
518
318
560
972
5
924
672
564
364
418
980
357
37
359
311
809
706
214
156
735
429
647
50
698
146
719
327
505
480
599
571
853
101
726
887
752
788
523
723
21
806
26
580
654
45
592
724
627
619
949
650
355
34
380
541
898
754
456
459
288
927
218
969
447
753
559
987
443
561
452
811
651
617
19
764
995
290
607
437
236
105
684
554
841
266
83
791
687
371
663
72
732
306
622
421
80
885
256
422
710
633
424
199
819
84
426
378
600
363
186
831
968
250
656
197
338
717
765
237
474
954
224
906
655
766
126
497
174
401
727
97
340
183
94
957
999
343
240
391
486
99
490
551
715
461
190
366
385
733
438
28
537
836
234
815
482
854
888
594
963
911
511
122
189
149
491
846
894
339
473
856
114
225
738
528
108
299
365
298
179
913
239
220
400
934
570
708
958
246
435
866
141
450
992
73
725
681
393
713
555
789
305
780
267
248
29
64
315
40
375
944
404
238
269
55
48
472
203
840
773
67
667
636
336
965
989
428
411
533
834
971
219
688
390
254
679
398
195
531
368
71
14
120
172
330
832
90
810
872
783
997
799
22
996
875
877
850
527
891
522
264
623
775
867
645
369
720
842
951
563
804
676
27
12
746
284
990
469
646
331
377
978
955
909
255
966
337
118
125
649
939
923
970
835
814
62
383
605
81
882
322
903
142
100
295
433
790
463
157
860
470
795
641
93
324
499
242
38
344
685
217
628
91
231
292
352
552
558
915
263
247
178
392
572
534
168
543
49
202
376
200
744
166
598
213
886
760
638
489
325
13
868
175
194
657
374
699
221
960
192
289
961
678
223
293
226
36
373
907
329
694
704
265
690
201
75
89
494
211
986
436
159
35
316
173
153
276
160
448
820
348
816
268
439
169
802
59
952
308
471
919
297
610
662
396
539
568
440
540
642
60
287
485
869
241
244
150
794
4
940
333
956
0
950
360
553
859
862
412
17
705
740
805
947
10
515
294
63
216
825
631
584
514
695
545
82
967
921
587
23
538
721
361
500
517
253
652
107
847
716
370
303
504
271
703
779
801
227
481
781
104
785
525
549
215
739
624
274
557
313
158
664
171
755
983
335
310
467
556
180
937
39
407
502
279
918
477
54
78
586
526
991
31
566
196
154
386
229
741
430
593
959
270
354
273
837
547
962
493
11
410
406
530
323
42
928
176
546
296
300
417
46
135
782
933
945
116
763
666
61
669
873
697
803
453
578
583
751
291
630
321
132
7
774
759
260
233
15
468
367
858
604
770
818
111
707
235
513
611
395
629
824
871
643
145
857
222
639
76
96
635
170
609
562
30
683
488
849
245
665
926
908
731
737
280
521
881
475
185
420
304
243
878
275
92
356
121
152
640
151
52
454
691
750
70
608
79
670
728
589
117
829
251
278
595
979
941
743
387
58
307
916
457
272
112
6
512
384
57
948
155
839
973
427
465
761
661
588
793
403
577
673
749
625
730
442
478
529
127
711
432
718
415
874
230
784
994
464
929
16
902
812
579
56
86
249
177
483
148
103
648
144
573
567
692
508
184
302
550
736
686
204
714
890
1
548
232
813
503
974
328
838
409
897
358
870
621
964
209
162
762
626
823
747
445
615
342
632
423
446
332
18
582
282
312
32
637
495
884
912
936
946
252
134
768
389
896
24
879
123
206
381
606
899
581
914
198
976
827
876
817
408
880
620
506
865
700
843
20
119
147
309
164
653
585
693
574
110
895
131
536
591
808
535
848
113
668
351
509
798
258
286
130
758
920
702
889
883
167
207
734
320
109
757
905
864
140
462
596
901
2
998
510
382
993
677
931
778
188
709
988
419
569
565
519
910
9
930
455
682
496
634
460
484
542
851
932
138
191
128
800
212
416
917
981
444
228
