480
369
294
735
849
0
261
471
996
995
59
133
203
856
192
278
437
876
548
330
965
935
359
582
241
685
251
561
951
536
532
425
11
668
695
981
929
936
915
221
357
611
693
688
517
884
8
121
322
489
435
360
622
493
992
324
913
406
104
85
335
692
234
80
361
710
5
407
252
619
341
588
13
773
784
907
426
277
160
200
756
132
800
498
483
721
949
594
421
69
659
316
904
474
660
821
853
968
522
253
383
445
910
77
146
143
513
977
472
15
862
883
736
584
394
491
293
428
595
975
298
865
440
997
732
131
442
70
332
541
578
592
623
834
320
678
712
73
457
125
270
558
113
110
822
460
954
777
205
76
525
722
71
616
627
946
101
368
363
302
228
462
375
84
752
703
182
178
323
757
307
877
408
271
549
825
505
490
669
337
687
99
352
463
166
527
537
560
888
144
255
217
562
300
799
815
424
573
494
376
207
336
791
711
567
327
297
574
727
235
213
266
168
964
694
553
970
258
624
479
515
180
900
785
24
990
709
670
686
819
486
30
798
675
697
538
776
48
227
239
21
895
86
740
26
845
826
833
837
775
748
987
476
809
589
382
778
216
734
185
308
828
972
924
342
854
551
764
818
672
922
765
664
615
920
593
470
198
671
427
229
933
912
533
509
201
650
629
17
461
831
385
114
974
126
283
214
613
78
49
905
741
755
458
807
281
373
6
902
923
340
535
354
961
540
890
288
466
554
657
195
625
648
230
343
504
591
983
673
546
7
138
508
226
851
872
432
431
96
329
706
118
52
209
326
177
836
739
753
723
417
925
62
969
982
95
614
563
897
796
534
443
169
824
957
738
124
565
647
40
172
161
830
766
705
621
366
481
652
580
334
188
519
944
449
29
306
717
254
978
557
197
788
781
429
250
889
803
985
142
128
676
378
56
690
9
259
107
89
939
381
501
843
635
677
714
222
916
390
814
119
189
51
656
795
374
400
804
147
938
171
887
742
145
313
450
609
362
420
38
60
726
367
762
191
295
92
36
994
18
210
794
267
155
564
980
718
488
416
350
338
637
683
45
749
311
356
139
518
312
97
640
98
787
194
848
173
806
691
247
206
315
550
760
46
208
758
344
497
909
120
401
88
231
223
812
698
510
817
14
583
115
523
730
444
906
159
333
175
451
604
926
572
72
526
418
58
639
979
682
570
123
917
345
353
634
402
702
700
174
899
896
963
674
763
275
793
82
87
365
751
779
852
289
930
841
932
413
880
867
150
529
626
989
149
290
193
268
547
42
502
136
164
737
874
23
940
264
422
475
20
610
733
3
731
790
886
215
436
358
832
813
219
371
272
380
93
167
707
820
284
438
960
256
473
679
455
347
945
571
746
303
528
240
745
921
148
348
689
633
658
607
772
696
292
465
446
478
66
704
998
452
232
346
65
459
79
725
844
649
211
269
908
971
260
875
409
282
319
684
130
719
914
317
116
808
661
129
927
273
984
339
768
754
511
579
823
162
681
838
892
774
531
599
154
869
276
398
410
190
666
286
448
950
911
967
377
291
976
224
606
248
469
576
57
780
310
27
973
103
364
747
728
503
999
805
586
783
631
477
577
391
811
603
328
744
801
109
827
12
1
506
349
601
404
767
602
642
863
585
729
495
411
643
861
559
165
419
530
31
386
966
314
135
620
680
835
520
514
94
959
521
439
871
941
846
301
403
881
170
839
662
187
387
397
654
612
158
237
153
879
393
492
858
641
632
942
243
91
891
28
134
636
309
181
305
16
299
220
566
430
212
855
395
720
962
512
389
33
618
542
952
141
179
325
396
575
4
242
802
587
236
447
34
991
196
986
225
638
412
500
750
947
296
152
544
789
651
786
274
608
724
708
485
928
898
860
238
54
75
50
32
37
842
882
47
496
482
2
262
331
184
19
568
67
423
41
265
249
370
569
873
516
122
61
893
405
868
859
456
552
715
388
953
433
100
581
244
453
55
287
782
918
111
163
106
850
140
117
321
112
630
414
10
646
988
53
22
771
653
218
943
74
499
590
864
699
105
829
399
792
484
605
372
645
810
870
245
156
847
816
545
770
39
43
600
934
280
937
467
901
759
716
955
285
202
454
487
555
186
919
246
903
713
761
415
628
25
151
263
644
68
44
83
667
176
464
598
304
743
392
441
539
257
597
857
993
108
596
931
279
81
157
63
894
958
543
885
355
384
468
769
556
665
655
524
840
663
102
90
64
127
866
137
35
183
233
434
204
379
797
701
878
199
318
351
507
617
956
948
