1257
704
298
1282
1121
490
398
778
1280
653
719
154
708
1058
678
976
20
1238
1101
971
1278
1454
1341
754
640
11
1305
86
1137
1457
1234
540
275
538
1357
902
427
854
610
641
1265
1144
1407
499
1033
1216
1145
121
316
458
414
1406
1080
203
1021
749
892
1116
674
633
47
603
1346
1236
541
536
1258
672
178
609
861
852
1299
415
714
1489
596
501
1142
1264
1465
712
1446
70
591
247
1401
1027
280
705
587
1037
706
228
1203
465
1131
174
605
34
602
1168
1378
769
1387
16
45
488
897
786
951
182
46
806
1223
593
1311
999
1271
199
363
88
1461
196
271
382
612
600
349
1436
660
682
1204
1376
751
1115
172
700
329
65
1214
1463
102
418
365
589
1322
944
409
1391
1445
1097
225
784
871
731
681
677
912
1150
655
1405
183
440
1184
1083
955
265
180
1181
450
494
1259
89
1254
601
373
193
451
988
1074
1180
907
750
153
909
919
1268
143
1187
1167
1063
497
915
1459
1036
1024
524
255
721
812
1318
347
835
950
1087
1094
218
588
156
817
1
282
374
1139
1482
117
1211
1120
1358
566
1112
780
157
331
756
1072
38
303
1085
238
1220
581
66
343
774
565
521
1371
1106
663
15
1470
676
92
310
509
436
350
652
286
615
1260
1046
1369
977
1243
210
477
1272
711
1062
134
837
1296
985
746
1110
1043
399
268
1088
1213
1017
632
710
1095
1148
775
869
1227
168
1430
839
256
326
1476
765
1195
484
254
1399
1389
1309
500
734
568
215
198
1086
866
948
25
474
1192
942
160
925
1267
1428
939
60
1188
802
57
3
654
1424
1169
1165
40
5
758
814
772
771
770
37
1197
1497
33
651
725
188
982
906
1383
380
19
1474
997
1317
666
35
233
1266
1494
1364
231
195
1166
328
274
463
475
1051
435
1377
61
1400
810
297
1395
592
1052
1252
166
1344
1438
638
1460
1499
1104
76
910
1338
583
249
864
1473
506
1348
452
1312
639
762
1175
48
1164
1200
849
1290
941
923
1275
229
1026
715
447
1335
146
200
972
1462
1186
604
9
367
1093
768
616
753
1384
1065
1421
1315
624
78
1012
478
657
1437
91
169
635
410
646
99
486
1368
1455
1118
142
824
1396
831
737
821
129
692
928
250
448
1122
1432
1247
422
1427
1025
1067
338
24
262
292
8
1350
205
1327
1475
874
498
1185
1162
1149
165
1398
69
573
1055
611
1492
701
1419
855
29
743
18
437
914
1295
362
390
1008
670
991
26
346
13
829
39
185
1194
209
896
1451
1020
503
614
792
378
357
621
553
439
1239
105
181
1210
752
724
659
424
636
1056
520
1174
508
1016
84
1423
1287
251
816
946
211
970
170
618
1102
305
577
966
1484
1331
289
662
1353
1218
557
883
718
1171
290
1136
548
1392
245
680
81
934
397
411
1426
386
351
627
1103
1328
650
487
1134
257
1018
1286
405
586
1403
637
1343
141
727
1241
1379
59
713
1373
1013
862
4
936
1300
789
1302
306
730
1030
1158
1326
556
272
152
1081
239
996
898
736
248
938
766
904
12
483
1330
150
544
366
114
208
1117
186
301
642
626
617
1256
1208
819
232
207
1316
217
688
1019
103
1479
1073
998
1128
797
1319
253
242
1230
149
403
243
155
1283
634
159
1232
893
43
518
664
391
354
1141
1498
1011
383
270
369
516
184
582
473
649
945
1201
776
1431
838
993
313
1362
419
291
878
900
230
1084
1477
1466
434
1173
1071
1452
341
872
559
1365
1301
130
510
145
221
252
304
931
1486
1355
818
485
73
1098
100
158
562
857
1480
1276
314
962
300
1481
109
68
1107
994
137
1006
1359
980
1096
462
820
740
167
629
1409
1050
1304
514
554
1374
741
1468
1054
147
41
1347
723
916
97
135
1495
441
787
325
847
294
671
379
336
1386
502
118
880
823
798
1229
1240
1076
901
288
809
1228
969
1044
1202
513
656
1132
804
175
1342
1323
464
1159
36
575
308
1183
1060
947
197
549
1458
850
877
1042
552
807
937
644
442
1274
987
1471
1014
695
733
322
1447
430
1179
384
393
226
848
918
1294
364
241
504
1394
1153
1090
71
412
223
460
108
1408
1420
1126
1478
1416
333
236
471
668
1009
895
1075
979
686
551
311
1303
1385
423
80
1127
1152
1070
1160
755
643
1351
1349
856
425
1129
781
1157
1313
777
2
523
1003
1433
545
64
453
1146
867
1339
206
263
1310
1154
396
52
417
138
868
717
445
844
522
989
828
54
1367
905
454
1493
1069
569
62
1291
388
913
50
1048
1143
67
1413
908
607
375
964
140
799
1397
696
244
1269
675
747
1334
1250
428
457
1253
1375
1109
698
1212
585
927
75
673
82
32
317
1485
1245
648
1483
580
1193
697
107
865
1182
647
930
219
124
1170
264
843
495
742
489
1345
381
722
283
22
726
759
1078
631
466
321
190
788
567
790
1361
645
1289
1425
707
1161
594
216
285
926
246
870
1381
344
394
1061
1467
720
732
1125
684
318
1307
965
1390
981
1221
986
332
689
340
324
507
104
395
885
599
748
703
1488
287
1206
858
1099
959
361
27
841
1068
355
125
1469
139
1140
1360
258
1255
620
1222
572
917
389
687
785
1189
482
1190
1035
1450
957
17
745
661
120
1066
830
1439
1199
352
899
1273
613
353
479
528
800
189
358
176
702
1285
1443
563
113
729
550
1163
967
1111
1059
954
1053
1444
492
111
1249
119
1297
273
402
658
842
214
1380
825
1434
312
1209
339
1028
813
920
299
372
1248
795
1034
269
323
1079
1418
476
619
1010
667
628
126
1155
1352
1057
1007
371
404
665
467
761
694
984
881
237
978
74
525
1172
315
511
177
690
833
963
968
793
456
133
6
94
227
115
1005
327
408
1464
512
194
334
400
1077
148
922
1151
961
136
259
836
1022
79
1108
455
851
1441
530
1047
1215
96
826
144
1284
1281
929
1440
446
162
1089
443
49
480
764
1404
1015
470
1366
212
546
1130
1422
547
1412
1177
879
385
370
763
30
342
903
561
783
7
106
213
1082
260
1124
1040
876
1039
407
932
1029
204
1246
760
431
744
1262
1001
377
973
539
1448
1414
995
884
433
1135
1113
822
975
335
276
420
279
716
1354
1363
560
796
51
1244
10
1226
728
887
1324
534
261
320
461
1336
952
277
240
935
992
421
1231
537
1032
281
1456
55
151
1340
1270
527
0
171
267
1411
1277
533
827
875
584
101
738
1442
222
1207
309
330
85
805
444
348
1031
1356
319
87
360
990
1114
840
1453
1261
56
1092
122
956
735
93
1263
1147
1325
116
623
368
1205
606
1393
469
1224
58
685
1235
90
1251
622
127
669
960
630
595
376
1138
1045
924
555
529
542
953
578
699
1191
846
894
974
815
1041
387
958
526
1242
123
1000
532
449
1237
782
889
293
739
1487
1333
359
1429
337
481
579
179
505
1382
432
1049
1298
886
1449
531
42
173
401
863
491
1156
1091
31
882
278
1225
1337
192
1133
1410
406
983
683
220
832
888
1402
1370
794
235
1490
576
845
940
1372
345
608
1293
459
860
1321
564
201
558
1306
1219
1105
779
1288
1417
709
110
356
1002
83
98
1329
53
426
161
1491
202
1233
597
493
1023
28
890
1178
1472
132
598
570
911
859
224
1314
14
943
1292
472
438
413
1320
63
808
416
767
921
1332
571
891
853
1176
131
691
1119
164
1123
1496
77
1415
873
429
791
679
543
1004
1308
933
1435
517
468
1196
1198
1064
191
23
519
187
284
803
496
515
535
949
773
625
44
296
1217
1279
234
21
801
266
295
834
757
128
811
95
112
307
163
1038
1100
302
574
392
72
693
590
1388
