1094
900
1275
674
165
1228
1366
168
166
631
390
924
825
896
1075
15
1160
515
761
118
609
1149
1309
660
1112
361
242
1294
1134
985
488
1311
194
415
485
465
1424
899
303
327
801
240
700
1212
875
1124
664
595
1008
524
1234
115
30
1115
243
1168
1480
1249
1041
1355
934
26
503
1273
588
1305
1202
799
185
966
232
775
806
80
40
893
1111
1335
661
1415
329
809
307
1436
996
1333
758
1148
1211
1395
74
1269
113
322
1144
1411
265
740
90
771
756
42
1437
1319
567
1095
845
685
872
144
1046
1167
292
1079
1427
374
56
284
1040
493
452
1093
285
227
1331
1191
1425
1386
244
1176
349
84
1304
70
620
35
1035
526
1351
304
1086
1383
627
180
951
844
419
283
770
1084
106
1171
838
1449
1029
402
1254
219
638
712
681
447
839
1250
61
790
157
1244
251
350
1161
237
592
1194
273
544
1098
1177
786
380
81
1367
965
822
177
1312
683
484
1125
506
218
750
520
571
706
919
787
828
1051
454
96
711
583
1431
1237
340
277
1113
1418
1186
533
1463
836
692
199
1077
691
1102
1214
772
53
1362
132
1350
1439
1489
499
932
1328
611
662
862
1108
253
281
522
197
226
1139
134
162
666
785
317
73
436
72
459
624
433
989
885
474
589
821
1491
202
286
517
1321
276
1219
1464
559
601
748
997
646
1045
63
894
257
427
1131
206
1145
305
1454
675
222
923
1297
709
665
131
548
1428
574
223
545
1023
762
686
593
974
7
927
446
655
119
1266
854
505
1283
1494
198
743
260
478
905
591
1286
514
759
401
124
354
1036
1204
843
1047
442
1393
708
1379
794
1235
193
1091
552
913
1192
556
551
1230
246
823
295
89
881
1405
331
333
1370
1196
1166
1081
482
1151
968
953
62
1462
258
963
882
490
233
693
808
1302
150
2
1056
1118
1372
1482
1206
1278
922
121
183
1072
562
1492
931
917
1419
1173
577
1385
769
395
17
1253
578
1465
423
739
659
1070
970
1039
109
430
440
110
1175
1044
41
46
1313
345
1067
623
892
719
1452
435
336
129
421
1007
967
398
864
1003
880
314
863
48
910
407
256
1291
379
432
1053
234
713
344
688
291
1140
1284
245
1055
736
911
448
1468
1287
1471
561
618
877
298
1392
450
94
387
1092
1338
1126
986
249
958
1028
154
684
412
1365
1199
114
783
1316
1099
888
204
961
1218
1342
347
268
1448
518
1241
1049
956
186
981
469
723
209
1484
200
752
11
874
169
1208
753
1262
973
4
1238
763
778
1138
788
599
1107
1050
824
1239
680
161
230
849
1389
1065
357
1401
1430
290
1397
58
789
372
406
876
1071
104
673
308
944
1027
47
1141
667
979
791
954
616
909
50
1308
1136
732
1307
656
330
181
848
866
391
792
669
140
475
726
512
1004
1224
687
1447
389
777
528
77
531
370
414
898
628
829
603
565
1019
536
1444
278
696
1476
971
714
1334
321
192
1153
176
481
1014
473
1174
812
1451
943
1403
622
127
621
369
1276
341
271
122
582
650
645
1011
1163
21
59
188
555
1377
625
653
607
534
1388
1364
325
861
999
897
1396
451
155
160
254
444
241
49
987
320
1258
385
1318
6
541
1337
422
1037
1110
460
69
991
1409
585
642
60
615
773
813
1217
818
1274
1062
1119
1245
1434
613
677
858
262
538
1096
1013
1179
287
1097
1347
755
887
71
424
914
539
33
1116
1031
511
409
949
744
1346
337
272
492
355
718
1352
1080
139
1085
1381
259
1450
184
594
1030
1264
248
948
413
835
458
586
1314
462
1384
19
1402
252
52
65
79
1159
116
360
464
1282
105
529
405
637
998
969
810
568
1360
1220
43
1082
715
978
751
853
1433
1009
817
1162
1060
950
1374
747
1470
1232
130
558
1265
1006
399
1061
1043
1496
1018
850
1373
749
381
1344
554
9
1180
976
826
508
722
569
229
362
479
1016
1298
1172
776
434
178
1216
1130
695
466
1182
1165
682
947
1022
912
600
959
13
213
480
264
805
1261
935
1150
255
1259
1142
1032
1069
918
1289
1052
738
1457
299
717
1359
95
857
1400
1329
907
938
929
441
1057
220
416
575
18
869
946
32
376
1357
158
461
334
884
418
1170
1200
724
502
182
1461
1306
328
608
1324
523
12
766
1363
151
263
716
1187
311
142
1477
1353
1486
78
1485
584
942
171
453
179
316
855
800
92
720
731
1391
175
725
796
1432
563
1343
1017
383
394
93
543
54
1317
846
1495
705
707
504
1414
735
120
86
147
1242
27
1089
417
890
148
217
1122
964
1169
1270
815
404
0
1158
1290
324
163
210
1263
697
57
87
356
364
1441
889
1252
553
902
993
1390
1225
1327
840
128
612
1058
471
152
651
1416
1453
91
1236
231
207
1190
111
873
1376
587
983
1152
1231
1348
64
1323
1021
133
1412
542
191
1127
1000
537
903
1380
598
117
781
827
904
834
765
1215
368
136
614
886
51
1205
721
1128
20
1488
495
1198
1345
1183
498
1404
510
925
1303
319
1156
1378
690
1466
1024
527
83
1285
102
472
224
1421
261
933
1387
216
201
396
359
941
633
1255
366
975
342
581
1481
29
852
1002
38
940
1185
580
1295
1064
238
576
639
315
1408
1407
676
704
174
312
310
1340
1210
597
670
1054
378
346
428
1059
521
135
1005
1226
348
764
1164
5
842
1499
1299
280
143
365
1201
1193
1339
214
332
228
1398
275
945
865
678
596
467
88
208
519
807
679
326
1222
550
590
25
1034
1010
477
1178
701
1026
212
811
830
386
1420
549
500
403
937
55
1088
1143
774
288
1497
868
540
44
1356
757
921
1129
410
1015
23
455
375
1133
1310
99
294
630
306
560
239
1229
377
170
1349
602
635
1440
1458
984
992
172
1117
977
990
1271
159
960
1292
496
39
1121
1406
546
250
636
112
107
97
820
804
68
1315
1132
1
75
906
832
456
279
34
445
215
1106
195
167
768
1443
1332
647
426
930
373
710
649
1083
14
1429
1369
1410
211
353
952
1109
269
733
123
153
1090
1137
439
358
547
164
266
1371
457
1322
516
1078
487
187
1445
98
438
24
957
1100
634
513
384
1301
1257
972
1155
737
870
1475
1042
730
1068
145
1479
557
507
1147
847
1281
221
8
1188
939
411
82
1446
920
1246
644
10
1473
728
579
1001
1279
995
189
1221
754
1498
915
309
657
371
1413
1326
1375
1325
420
1063
486
1296
85
610
668
100
1417
137
572
1223
926
727
760
1277
871
509
397
489
468
16
1459
501
654
66
1157
702
803
36
1483
648
1268
698
339
1020
617
497
3
1368
1460
293
1114
101
746
1247
994
297
313
67
270
323
1025
780
338
225
351
795
626
37
31
856
632
734
1336
1233
1394
672
1426
1469
236
703
955
891
841
1076
335
367
205
895
767
1478
443
980
802
570
203
1288
606
1438
141
494
1442
629
742
1073
300
190
658
28
1330
793
463
851
879
1146
1256
45
782
437
564
1487
302
173
1104
566
1300
901
352
1280
103
663
1435
1123
814
1087
156
652
535
1260
1341
425
784
1074
1422
301
1474
1382
1135
1455
689
392
1272
779
1103
1399
1012
1243
837
1184
573
1472
1197
393
247
274
883
671
859
470
108
1361
138
1066
525
1207
343
146
125
816
400
429
431
1213
1189
267
694
388
22
819
1358
318
699
936
1195
1120
235
1227
382
1048
908
745
1293
797
1033
916
982
867
1493
605
1209
532
76
604
741
878
640
1038
1203
1423
296
126
1248
1456
1181
1154
1267
643
1251
483
289
530
1467
833
149
476
196
1320
282
1490
491
619
962
1240
363
1354
928
1105
798
831
408
860
729
988
1101
641
449
