67
1255
727
739
546
519
320
1216
999
324
649
1443
245
192
212
463
364
334
296
611
773
629
1055
1183
1302
402
560
1339
135
1415
858
1321
992
1073
1009
231
1193
278
144
713
236
1121
1386
708
752
305
89
659
876
973
357
93
970
25
1028
246
60
1054
1218
1308
681
1498
62
1097
745
1202
1304
54
878
912
958
1400
217
1243
1484
1324
1409
733
603
416
9
8
1406
754
915
308
1225
1237
864
523
940
18
967
297
466
457
1064
372
504
137
1496
1293
1423
639
731
1076
658
1086
1045
194
262
244
167
1020
1370
836
461
545
1387
930
240
1333
188
784
944
610
787
774
729
146
34
968
404
219
1488
667
1184
903
1176
114
932
1108
1482
1481
1291
948
1021
220
1472
265
281
796
516
258
20
1159
361
445
909
794
389
479
957
695
697
1372
380
133
1175
950
791
1340
1282
273
785
832
1083
1005
1468
1276
182
7
367
1224
679
4
615
1214
10
1397
1428
1065
902
255
1067
143
291
675
1198
1473
485
855
1345
606
1353
412
141
325
1148
1245
213
53
393
1351
384
122
1393
841
867
271
1014
524
613
790
1157
1235
214
941
423
1152
1033
670
165
1323
986
302
513
1266
890
1242
187
544
905
171
716
1457
551
830
1320
700
1231
849
1404
1006
482
1069
138
576
35
450
924
267
399
590
1366
298
661
1385
1042
1167
1477
910
1280
1161
792
375
1319
510
714
918
218
839
256
1099
263
776
1272
664
1422
109
520
601
949
558
125
1334
46
1001
938
1170
410
692
493
1079
1165
1358
859
585
229
31
360
66
718
326
306
572
356
1114
922
1011
95
904
490
1251
921
1123
203
1232
1109
1166
276
1013
1254
655
927
388
1027
1029
173
542
984
1297
652
1436
596
387
1325
934
1240
106
1092
1
901
673
1139
954
669
1499
696
575
771
1209
1200
721
682
329
964
1401
81
837
1434
1188
955
1023
879
1347
818
1432
1207
21
349
394
408
264
1263
522
100
825
196
621
896
581
786
624
426
411
1150
888
2
1403
1246
1156
85
1162
1024
310
161
385
709
1491
788
1307
449
563
1359
176
989
498
1102
1447
1239
1398
906
1273
1180
1070
465
808
478
750
605
405
1316
435
1259
554
663
71
854
534
987
1431
1248
1485
28
526
1274
178
1462
1495
180
507
1122
484
330
175
680
1449
58
1354
612
1318
1155
470
1471
1433
509
609
852
429
406
430
451
710
289
873
1195
1008
401
847
169
1115
3
802
1299
535
354
1395
184
998
1418
343
633
1136
505
413
366
32
420
743
1106
926
937
1022
717
946
552
1480
1125
94
202
1221
570
120
1288
511
118
539
156
136
728
1450
1204
749
1182
1146
22
84
492
657
1037
741
1172
44
648
842
712
1191
1217
87
391
502
1335
355
1492
153
665
1190
205
419
282
543
592
1348
152
475
860
157
594
287
1126
1223
768
532
284
1381
1478
1382
1004
1129
235
644
562
270
1364
1464
1252
158
660
862
370
322
168
983
198
1376
346
595
376
875
1470
327
115
994
617
129
113
208
1050
1030
608
494
481
307
654
1051
597
447
415
969
1465
79
336
637
216
1466
866
767
747
290
976
1314
237
913
1270
27
561
56
769
1192
814
1138
145
342
827
1203
348
397
195
288
312
972
607
36
1421
1012
1015
469
107
869
474
1185
981
75
483
64
959
568
111
961
91
1416
1389
1269
201
1116
882
1463
407
599
963
1257
442
945
155
515
1287
789
1105
268
440
1435
130
1305
338
1355
232
1145
1119
1384
6
1061
206
260
1446
892
850
587
359
395
1312
900
939
1124
1107
775
642
456
1346
844
1442
82
933
891
813
641
417
1222
636
1357
564
947
671
820
233
699
1262
1137
1168
116
591
1031
627
92
41
441
335
418
239
1144
1336
1213
1438
1186
225
1094
30
1041
1338
369
678
1427
1236
541
630
761
1220
893
723
488
1101
1095
427
746
1445
1060
702
209
517
1163
577
1264
547
1128
506
303
1281
468
1196
831
762
1388
1010
70
840
400
843
386
1405
1429
635
1036
651
914
97
458
974
1016
638
527
259
993
150
392
677
666
318
1296
1306
1082
331
1459
1104
985
1396
304
929
614
533
1046
1411
51
815
1430
134
1344
24
1000
1419
751
179
536
174
38
1211
756
707
602
1181
462
919
15
1227
371
286
931
487
439
340
1284
812
1179
241
1007
1169
1088
898
301
1437
309
1290
734
1052
1300
128
1322
647
1113
1267
1309
979
1127
1453
163
98
108
1066
1043
293
495
1074
496
1454
1329
683
953
1294
625
69
982
1456
1210
588
917
1374
190
715
148
1369
646
980
1271
966
1362
1399
250
249
110
508
920
1160
782
1451
1303
720
885
1258
383
1249
845
943
436
1087
197
1390
528
737
166
421
863
223
571
1018
935
755
323
811
279
916
538
518
26
978
1177
321
280
154
650
995
557
193
117
1141
1380
722
1486
224
1091
565
1383
453
139
72
437
760
829
500
1394
871
80
806
37
68
584
1244
1208
662
1285
105
623
460
895
350
29
424
894
690
797
685
431
807
467
566
1078
50
170
1265
1062
626
1238
292
965
1110
1075
1412
33
1059
76
489
1178
211
396
956
997
365
1332
1474
294
1187
809
1455
102
363
1277
1072
1373
724
477
1343
604
899
96
640
593
828
345
204
793
13
101
884
779
344
1494
1230
275
1444
582
471
942
1439
5
819
142
1019
253
1068
1228
446
1350
555
834
726
1038
0
668
1140
553
160
1197
600
242
132
559
821
1375
889
1371
738
1049
1229
800
1365
147
1189
381
684
1476
1391
732
486
254
622
1040
151
701
1417
1425
1414
227
689
1479
881
619
1408
1133
238
374
1219
12
1164
620
1205
645
1089
314
333
1256
295
1268
1173
1310
857
162
159
1134
57
443
433
574
1003
1071
988
672
1402
1142
1426
846
556
1349
73
817
90
45
191
315
362
1452
1493
1379
207
272
1413
1199
907
16
1424
104
573
770
1212
1261
243
438
131
711
261
897
444
1058
887
480
183
801
409
403
936
1158
1111
730
548
189
1328
1392
313
459
877
274
856
283
1032
472
491
1131
824
328
1247
686
870
703
368
226
634
580
1377
1253
378
763
47
52
317
1279
99
569
795
783
248
1410
1301
11
628
1361
540
1081
476
1234
252
23
951
586
705
83
653
266
59
49
452
579
1367
1053
1171
78
725
434
765
251
567
172
1130
1100
753
1440
300
432
455
583
1034
425
210
14
119
694
316
1475
501
816
598
631
643
1044
531
1317
853
676
1174
911
124
1490
186
1154
1363
17
39
351
799
230
428
1292
299
851
497
736
1278
1483
971
537
277
766
1117
990
222
377
1149
632
55
1056
1047
996
257
1286
798
448
1206
181
1017
1341
352
1194
804
341
1330
1063
77
127
529
1298
960
803
1311
1460
1085
42
332
908
185
339
126
757
473
674
923
1448
1326
1215
1275
1441
1118
742
826
883
1420
1096
319
1368
1497
1035
549
373
414
1112
164
1342
1327
735
1093
112
925
1352
103
865
1147
848
353
379
886
1467
65
512
698
578
525
382
550
618
19
928
43
962
1080
1241
778
975
688
880
454
269
1313
868
63
337
833
772
234
781
977
358
514
1489
719
1201
140
872
1025
422
1226
1315
1002
952
1337
1283
1260
247
503
687
1084
810
311
1151
704
758
1407
823
1458
1331
1461
121
838
1295
1360
589
228
740
347
200
1026
285
221
149
499
48
530
521
1356
390
61
822
777
1057
706
616
744
1135
74
780
123
805
40
759
656
764
1143
1103
199
464
1077
748
1120
88
215
991
874
1090
1132
86
1487
861
1250
691
1469
693
1233
1039
835
398
1048
1153
1378
1098
177
1289
