377
261
71
827
773
268
348
817
911
775
858
197
362
789
433
142
896
920
605
768
314
454
355
863
929
621
366
504
867
395
516
678
989
865
97
780
104
51
957
563
419
809
802
173
812
707
980
354
555
147
676
478
940
921
576
421
764
447
301
90
854
618
660
591
415
838
693
210
131
398
453
833
183
347
270
108
276
41
675
204
184
394
519
806
144
988
949
645
558
710
471
661
410
367
168
459
171
53
972
864
716
155
198
552
963
677
186
593
159
928
324
141
283
255
39
781
573
561
888
623
732
271
791
86
65
329
114
726
517
216
436
294
680
813
537
122
120
123
498
582
599
886
137
870
177
239
258
646
243
614
154
378
5
22
222
7
332
429
597
423
542
836
882
879
119
522
667
387
782
226
925
152
544
539
132
56
279
585
93
149
534
808
656
31
944
505
760
68
165
199
740
648
763
524
535
265
466
385
259
303
603
965
440
72
9
47
907
465
103
386
158
749
57
138
88
145
818
115
999
437
913
2
92
240
531
798
446
275
34
686
682
370
615
905
788
992
414
533
692
706
769
733
192
85
58
601
540
592
575
180
564
875
926
393
985
60
908
476
369
233
250
95
111
890
520
649
379
729
745
381
359
91
35
493
625
515
793
373
130
931
923
80
810
182
774
353
452
83
267
253
274
287
987
285
902
640
151
462
941
590
503
306
683
323
166
178
885
939
996
42
916
835
530
460
617
397
730
569
237
200
637
63
290
77
87
185
626
175
89
698
679
402
500
955
66
37
658
409
248
872
405
830
946
961
839
837
266
135
651
288
390
898
803
786
631
670
547
481
840
297
565
674
416
982
15
819
335
190
420
339
971
189
701
73
917
690
596
903
309
331
958
461
29
785
408
997
99
509
735
82
887
272
934
559
758
223
991
608
612
291
652
156
382
330
32
684
523
8
873
54
771
595
486
163
321
490
823
580
893
106
391
642
959
581
292
933
361
998
107
449
922
289
284
889
404
953
695
202
915
342
344
546
750
521
188
943
6
894
427
641
295
487
172
69
742
50
337
235
990
467
663
468
849
241
790
388
619
127
778
302
622
602
227
78
914
413
16
62
945
411
964
160
334
804
264
360
483
389
600
375
866
319
441
0
901
325
975
825
553
549
52
469
842
298
384
345
482
847
884
752
46
194
336
352
937
113
579
256
633
586
464
589
307
191
513
489
257
64
697
960
430
109
694
400
356
81
665
457
851
930
919
308
417
484
634
728
587
700
968
966
128
993
254
877
776
317
203
343
860
747
491
844
796
720
278
121
170
364
205
584
666
936
536
439
734
401
543
59
431
143
557
383
696
616
664
322
918
525
831
20
850
861
512
273
164
853
574
12
826
187
126
737
26
75
327
588
225
176
668
570
568
779
657
855
74
25
891
848
110
228
61
643
638
620
497
27
650
895
630
179
909
296
488
951
948
3
981
765
365
125
146
231
709
310
974
502
470
609
474
762
153
912
269
755
899
224
313
947
718
506
714
150
162
263
541
828
118
784
207
636
554
496
357
548
96
727
983
624
510
897
425
70
703
340
653
722
444
743
448
18
900
238
725
807
157
613
98
211
432
76
594
713
566
326
229
731
10
644
11
711
954
880
422
112
33
724
242
220
562
351
841
48
508
24
507
744
794
492
876
174
662
312
167
689
766
904
426
214
311
635
787
456
942
371
906
577
230
979
753
101
315
995
195
797
832
938
673
40
49
341
739
443
723
681
567
463
685
55
572
201
551
538
606
251
252
824
811
967
978
349
843
412
134
67
984
479
116
148
45
19
702
869
708
300
213
380
299
878
795
221
350
950
759
671
208
859
874
358
105
834
318
518
316
499
438
218
234
924
814
21
571
977
659
712
305
846
495
805
403
260
501
969
628
952
477
232
556
428
161
293
217
418
629
845
94
754
583
338
392
139
435
777
669
181
632
976
883
578
721
868
262
249
598
748
611
862
363
17
627
607
406
472
719
473
799
526
881
691
124
36
374
715
529
445
282
560
30
852
368
736
829
528
480
688
286
193
821
820
424
756
455
801
79
935
604
927
245
994
514
320
376
215
639
741
209
986
133
610
372
485
761
672
44
4
511
13
792
910
236
550
43
871
434
38
102
277
136
399
767
451
783
304
816
527
246
738
973
655
333
346
1
892
751
328
654
281
442
717
705
206
746
704
458
84
770
932
532
117
169
28
129
450
396
23
772
822
219
100
815
247
956
14
140
857
475
856
407
545
757
800
196
699
212
687
970
962
244
647
280
494
