262
1332
13
302
942
561
1110
1087
36
1440
1187
672
1354
967
330
206
651
965
848
37
110
1377
288
416
690
293
380
419
1102
600
876
806
643
1334
74
1275
1095
540
69
902
664
498
813
747
386
482
516
78
899
822
1074
1116
609
377
962
704
1185
11
210
543
207
233
445
1103
1317
182
452
460
830
544
646
1295
1169
531
465
230
1461
378
216
827
637
1351
417
200
347
1029
591
1400
66
309
577
229
96
467
403
86
1181
122
1175
289
617
935
250
749
854
1422
310
796
1088
435
766
1289
573
226
223
79
547
708
1345
352
1217
836
1417
195
1192
162
1306
1177
1406
596
167
1043
459
461
462
1449
586
1138
273
105
570
184
75
1316
300
1424
375
1104
311
1047
441
351
420
4
228
1026
816
175
1245
1031
423
1089
58
1419
17
191
1136
469
1086
833
136
642
468
1042
875
1059
198
338
758
808
139
1018
1180
20
453
448
1253
981
734
851
1112
1430
1149
814
1154
115
856
893
1037
730
89
1100
771
137
155
169
907
503
1001
904
1258
190
977
901
1027
71
824
539
47
1270
149
135
1467
1360
1365
674
1146
1498
107
346
43
1301
587
834
1000
18
753
524
983
430
840
203
1096
1420
1121
716
810
860
192
285
1469
1140
505
163
598
1381
1223
364
1254
1128
688
936
1280
1199
582
794
1164
385
64
1384
537
1393
1168
82
597
599
620
142
1284
402
1148
1434
393
220
671
1208
512
1017
1287
795
363
411
613
653
1131
619
975
1382
585
513
1189
606
724
761
1099
299
861
174
1058
1213
97
872
1239
1003
292
944
859
153
1386
1297
413
101
1161
312
1495
912
1475
739
731
323
488
891
303
362
973
1062
1368
1279
350
782
941
1165
431
732
196
405
33
51
717
1288
1416
1244
1076
549
883
1429
125
422
958
589
629
63
458
1205
100
504
1123
1152
1426
703
880
383
325
1162
187
691
208
1439
28
888
237
1051
361
384
521
1114
698
0
286
470
25
863
1054
1262
754
123
1267
760
510
1343
953
1456
21
424
443
1413
359
974
1395
612
900
529
622
317
926
46
1348
476
526
843
493
853
298
1070
1044
719
990
146
604
331
652
1036
376
757
1226
150
1269
156
809
1092
979
1294
866
890
770
9
131
934
1320
90
1145
234
711
634
371
1497
1460
1355
433
639
1476
745
1488
569
61
1107
927
143
59
628
905
148
882
530
126
673
1372
515
692
321
993
884
887
909
1064
282
357
381
581
358
924
982
161
1389
1358
1472
68
473
1069
800
696
885
271
538
1218
274
1493
1271
478
158
1302
26
1035
1011
1485
442
687
170
444
30
659
1248
1178
663
65
923
1040
932
464
277
227
35
1109
297
373
481
1452
236
83
829
662
553
697
1038
720
1032
603
1263
252
1468
506
1081
1286
1227
1012
740
1126
88
1120
661
1063
514
1266
820
922
22
1399
1388
235
566
1473
117
627
345
296
988
466
787
45
231
113
1407
1318
1246
785
72
1196
168
56
329
240
414
821
828
1080
551
114
748
633
682
580
1206
804
451
308
1122
189
929
799
588
556
1231
994
160
1418
667
496
583
1364
665
1232
789
258
963
1055
685
111
592
102
920
721
319
938
517
1273
507
1153
1451
401
756
483
1490
881
552
1353
1380
54
1201
239
456
1176
1124
939
140
454
178
870
616
780
777
1299
84
743
889
655
254
14
959
951
154
42
318
40
779
1478
242
1496
648
1313
1309
649
204
1489
1216
657
632
896
1281
450
1019
406
334
95
437
1135
434
245
34
1204
1433
945
956
886
1097
593
1113
1435
817
1392
112
775
472
129
1008
263
132
676
335
394
562
1292
1282
80
837
280
1437
1277
108
918
1264
783
738
77
1046
391
1132
1321
265
819
144
1020
306
246
1101
675
492
712
1083
57
1337
867
1024
1209
917
1068
558
641
243
421
6
773
1215
484
16
1349
218
439
980
275
1045
281
392
438
415
961
946
1261
294
1310
1207
1341
1312
518
1259
336
960
1025
702
264
874
1421
1150
752
201
969
19
365
3
326
823
1006
1250
449
109
1484
1268
767
1125
878
327
555
39
1221
865
232
291
560
426
76
811
727
1375
615
1167
940
1408
1220
1307
1115
831
607
1412
183
764
404
1137
987
525
284
559
1197
807
152
638
1222
769
324
618
508
778
1454
765
943
213
1251
99
119
1023
32
1359
645
1144
337
1111
1483
500
1179
1290
1052
342
5
846
701
568
31
62
1464
925
1174
1170
1410
1432
157
835
145
1030
314
1423
1492
446
1445
700
1021
803
658
546
797
370
1186
614
173
1057
999
256
1230
1212
44
1278
12
989
1034
1276
1198
1053
742
176
733
1005
38
786
1235
1371
1311
759
1403
952
1328
1155
397
971
955
1108
713
1448
1340
509
1427
1369
305
548
120
1397
621
996
241
1374
1441
774
1438
379
1082
1129
179
868
950
436
709
322
1401
746
50
670
845
1188
332
998
849
992
744
928
1194
23
428
1071
533
541
1428
134
669
735
736
839
261
272
1067
1443
1211
1453
447
349
1373
689
118
842
91
1050
1411
781
238
1133
579
1139
398
694
631
857
355
898
895
894
706
52
1078
1300
916
906
501
477
270
1303
502
1415
1159
354
313
647
1379
268
356
1022
897
215
705
1336
60
554
970
257
81
681
1056
399
276
1477
576
879
87
624
937
666
751
177
409
408
1346
267
251
1319
1390
260
584
1463
1357
972
1028
527
768
340
1383
1004
1229
1260
668
933
798
1376
333
432
295
1158
1324
1224
93
185
1191
557
1085
366
1363
315
67
1243
15
838
1171
864
563
341
1442
92
1242
575
1182
564
1118
626
590
1402
259
457
1480
741
1041
623
788
1304
29
707
1385
1398
372
625
522
328
344
565
1142
219
805
1094
678
725
948
205
1072
388
1471
1474
1049
605
1396
964
855
1305
1073
497
147
368
684
850
1033
1048
486
763
919
247
1308
1482
41
141
1455
574
931
1367
542
283
1214
1370
353
656
610
750
1106
27
407
49
151
1447
212
1172
1257
1119
660
947
348
1339
73
523
1333
367
677
494
1007
968
534
1151
1237
790
1066
545
1060
412
1481
1002
1344
164
976
1323
877
601
784
1203
104
654
425
121
1184
1450
491
841
369
722
133
1240
985
772
116
680
8
172
53
382
471
316
244
429
536
1414
611
930
85
1238
729
1084
572
1342
966
180
1156
463
1065
1090
1404
650
1234
1098
1283
910
1293
1314
1315
550
106
124
818
1093
339
396
475
1200
1459
1330
995
957
48
693
138
389
211
567
1195
202
1233
1117
986
489
199
832
1322
686
374
815
715
1256
1130
214
1387
455
1425
954
253
487
991
635
903
528
718
269
594
128
400
440
278
608
913
1147
1225
871
571
1241
248
224
181
301
279
495
1326
892
762
1285
844
519
320
186
630
1016
847
1458
1183
1352
222
1061
1366
1487
858
984
360
1105
1247
812
1291
307
908
636
1249
1327
1491
7
1499
479
1391
1361
1166
776
194
1157
1160
873
490
427
410
1431
1173
1127
1405
520
1331
1394
166
1470
474
1252
1219
683
485
1014
103
255
792
1436
1462
287
266
1039
1465
949
1494
511
862
679
1466
1296
852
723
225
1193
1298
978
1163
1362
418
1190
726
914
193
188
197
791
1335
602
755
343
480
221
578
1347
98
1143
1228
1134
869
1077
1075
1338
644
24
1325
1479
710
1265
1444
10
1015
1350
127
1378
1274
1409
826
1010
1210
217
997
499
70
1255
94
699
1272
825
695
802
390
304
165
1141
1202
911
130
793
387
1486
737
171
1457
535
1329
395
1013
1446
728
2
640
249
801
714
1079
1236
595
209
1091
55
159
1009
921
290
532
1
915
1356
