606
15
202
634
477
491
479
205
151
0
264
326
507
669
956
894
749
952
625
466
943
655
504
469
353
680
757
331
617
475
970
278
896
568
493
732
708
393
794
178
123
270
269
940
334
805
688
909
313
668
93
843
828
992
389
379
775
142
771
877
163
260
798
188
90
919
217
279
209
682
864
381
644
985
760
949
745
99
362
829
299
608
43
835
873
24
29
268
10
735
45
537
881
370
113
369
160
888
855
44
726
730
519
767
55
622
472
935
607
315
7
725
578
729
150
377
552
218
701
185
810
592
897
154
517
119
171
823
885
559
618
581
441
523
13
453
614
839
731
900
596
114
930
464
432
363
959
698
328
100
761
587
332
518
529
672
571
915
498
474
175
167
481
694
695
417
597
449
190
991
781
181
248
666
126
926
630
755
444
437
521
922
305
667
820
865
87
319
711
153
31
223
611
333
703
660
250
147
677
288
693
354
59
511
293
870
433
227
543
675
208
512
256
462
300
536
696
75
158
486
380
795
104
213
435
904
819
220
609
282
139
266
229
140
329
852
107
396
619
22
969
468
917
612
133
83
995
166
32
478
497
309
170
967
179
802
143
540
651
751
415
990
716
752
527
183
431
36
359
928
232
387
898
858
768
172
813
890
595
558
436
825
545
360
234
17
836
643
821
246
216
960
482
92
348
743
297
921
764
162
565
892
420
152
262
665
557
488
238
11
715
833
34
426
924
638
717
429
125
616
120
862
60
851
496
244
251
905
758
978
822
913
681
652
861
372
18
365
785
598
345
231
790
986
544
252
489
265
471
410
407
58
937
174
455
929
938
65
988
364
108
446
390
718
629
591
388
739
945
551
70
621
889
311
603
476
691
399
323
553
72
977
146
975
425
719
700
131
548
803
394
637
801
439
809
445
589
824
649
121
403
291
572
118
796
525
899
376
292
585
923
401
759
902
341
382
325
84
392
816
573
211
971
501
569
721
290
962
866
957
124
712
987
974
503
782
556
352
620
777
586
386
400
421
200
296
831
582
663
604
812
339
340
182
373
707
463
907
506
49
530
237
241
635
321
89
21
320
747
872
111
954
193
847
454
547
194
78
398
656
734
384
442
605
737
73
173
312
867
689
46
560
39
330
906
485
779
989
856
411
770
272
53
783
955
911
593
786
953
422
697
705
789
854
310
941
664
406
161
25
94
404
686
535
57
346
383
555
817
566
946
97
653
714
948
538
600
192
762
887
249
724
254
931
564
134
797
499
343
567
848
932
980
541
804
258
243
374
727
284
633
199
473
776
137
14
129
159
130
356
235
832
513
773
367
590
627
704
156
594
77
91
982
699
101
23
997
274
71
984
859
939
570
324
561
273
914
968
214
368
999
740
427
239
918
28
458
448
744
110
514
357
169
520
452
344
82
868
495
397
713
631
280
550
800
623
661
778
3
85
191
366
841
76
738
508
301
658
976
95
742
549
189
307
574
20
233
533
532
416
117
228
908
361
640
754
2
748
736
966
141
267
484
965
222
632
52
165
302
874
434
860
642
741
972
224
27
539
853
12
891
951
515
54
103
276
799
562
135
869
295
378
164
41
958
61
259
516
112
413
68
807
219
51
412
765
524
684
815
6
138
670
303
283
419
225
132
746
253
490
351
840
657
408
542
430
50
457
460
947
998
830
317
624
461
500
470
654
563
69
443
583
912
787
263
526
395
534
647
115
428
750
706
875
628
261
505
391
685
546
753
275
180
207
40
35
4
242
576
30
791
456
849
342
886
236
177
846
811
772
903
577
285
480
979
662
230
845
405
459
451
963
247
438
149
349
522
728
636
920
215
240
206
371
37
418
308
934
63
347
901
298
277
509
286
447
255
67
895
756
42
961
148
575
318
19
289
440
271
98
826
423
184
26
198
882
424
994
613
710
9
33
722
687
916
79
226
927
676
933
827
936
81
66
554
385
925
678
769
876
47
510
863
203
294
942
157
599
338
102
580
212
48
702
648
763
105
893
306
733
195
316
467
944
650
465
197
883
196
335
639
679
136
788
973
375
615
818
983
492
645
709
358
808
646
116
64
88
1
878
857
96
837
336
287
127
683
780
884
494
579
414
850
257
122
502
774
671
834
964
245
792
483
210
201
692
281
879
910
145
187
86
168
659
350
844
601
588
814
531
155
327
204
221
720
106
74
402
981
337
186
409
996
109
784
793
584
304
806
838
487
993
610
626
314
5
674
723
880
871
62
766
450
842
690
602
528
144
950
673
355
56
128
80
8
176
641
16
38
322
