733
374
549
1388
679
1198
1095
422
546
979
185
942
958
965
704
882
100
290
824
1171
89
957
492
252
495
940
777
568
749
265
292
189
927
990
988
182
1207
1027
1269
784
1158
1185
129
264
1333
140
452
663
491
926
331
892
1483
949
819
34
600
1467
1225
1016
156
647
285
565
887
324
341
1312
1307
1124
731
1118
537
183
648
397
820
822
365
60
316
1066
1430
588
906
922
1273
143
806
973
1123
1311
1460
170
1043
86
547
870
226
575
1353
215
4
796
1315
534
294
1149
805
1401
288
437
658
908
838
918
398
1175
1431
865
381
1317
596
470
274
827
1308
57
370
240
1427
1264
1386
105
308
1209
1402
257
676
404
1260
419
99
1278
238
74
680
59
917
1059
778
1490
1345
1044
996
273
1000
1246
1170
1157
1464
28
756
92
511
109
120
963
1221
614
809
206
1226
1420
220
111
443
582
1470
217
1156
743
159
519
40
278
1375
1270
997
1448
1364
1218
261
1293
781
227
871
1117
1075
31
570
792
16
1499
466
33
1237
199
855
815
1407
938
895
35
1161
283
480
379
1019
747
612
688
98
1382
1285
1130
807
1036
289
327
357
1235
1429
130
1267
355
1339
229
761
9
877
1327
915
388
982
691
901
543
1302
386
1131
1256
248
348
375
646
408
1006
1381
968
1197
783
626
338
872
823
154
117
526
133
710
1242
841
585
1084
831
744
1026
971
153
1063
697
1100
58
684
851
326
719
1173
1369
829
860
904
232
340
1085
1031
572
275
1283
395
581
846
1486
1281
179
966
411
1062
151
1166
329
178
518
624
556
1220
1376
96
1024
637
1194
714
1361
1228
667
488
295
620
1455
522
560
785
1318
433
879
439
788
1023
1045
1188
636
1222
1454
287
1213
606
79
221
776
1487
847
736
1098
1412
633
1348
869
790
1011
542
995
1172
597
193
702
721
591
1234
1279
914
1367
853
1480
298
894
1176
787
214
253
715
463
323
866
932
194
447
1212
528
562
1122
1229
944
1444
37
768
228
739
361
1119
707
403
1428
54
1255
954
644
392
1103
1189
360
1453
1262
1199
472
482
835
192
1008
1280
729
349
1147
448
484
1328
1138
76
659
213
913
281
325
630
1314
889
51
584
202
72
1071
481
1010
1009
32
1025
818
976
1058
772
552
864
1494
1193
754
334
730
745
22
1137
137
200
1360
1088
1393
1341
1492
243
929
1346
521
1070
1397
946
502
512
1366
1087
766
1496
890
536
24
1082
409
1196
701
169
673
97
1145
272
970
561
1266
1445
902
1154
208
794
162
66
122
1422
134
91
440
1294
1438
551
456
1299
304
106
622
559
241
1116
187
390
1148
64
205
616
930
1007
711
276
1179
713
1074
191
849
400
1473
746
726
1495
377
479
315
567
62
983
230
1290
19
15
1227
912
503
959
250
775
393
123
144
1
13
1195
1160
48
686
477
430
434
465
1434
299
945
81
1236
523
1263
1425
1083
376
1079
654
580
999
3
342
1018
297
1405
718
821
1231
116
224
728
1478
268
21
1186
1013
844
358
478
742
1033
925
803
1406
445
1090
769
708
858
540
924
662
1030
793
517
738
6
1313
883
318
1121
1051
235
1230
830
1224
1181
1417
804
1028
740
569
1165
444
124
256
1081
414
38
1330
861
389
171
1472
350
473
1359
247
405
1468
1055
167
71
1001
722
160
514
1052
509
118
638
352
577
1419
249
760
1325
1238
1184
685
984
431
991
1233
356
1005
666
786
70
1091
94
1385
874
1379
619
1449
1141
88
609
364
826
1143
951
532
25
780
457
1391
854
782
587
1426
852
173
181
1217
590
763
978
42
1414
1102
1215
544
885
797
270
875
1106
201
427
1365
1259
7
649
317
1338
1321
301
1384
632
593
950
367
366
121
483
1289
1135
1370
362
563
798
848
157
795
1356
284
1022
1443
1471
833
1245
992
487
1078
1398
727
43
672
752
1029
1241
695
489
989
344
1101
1089
67
692
753
623
734
164
1303
1354
180
1115
1451
1139
1421
103
371
928
657
155
1108
454
837
574
1482
1371
618
1096
690
1020
907
271
258
961
239
353
383
354
1012
1208
1065
223
1047
148
0
12
1003
142
812
948
601
1432
1178
538
916
197
1142
1240
1072
310
1136
416
530
641
1169
218
652
553
564
244
286
1247
617
1413
359
1380
985
1057
291
1442
1418
10
693
903
333
412
909
645
1322
1086
474
1126
458
1017
1129
655
520
1120
1411
469
69
1326
1004
919
972
1205
810
856
764
1067
952
132
524
459
1390
1243
921
668
1099
49
873
1409
161
335
307
832
211
1377
1329
363
39
631
751
732
1301
339
757
65
1441
1378
1127
112
675
955
1363
8
102
529
378
80
696
1493
1128
336
312
699
259
18
1268
1254
442
750
681
802
1497
1475
1190
583
236
203
1358
420
1452
1239
494
960
436
639
1200
410
607
345
1489
1258
475
505
643
1146
1056
516
1034
1389
671
765
330
73
629
467
1461
1155
506
576
104
128
1110
186
1077
174
1111
251
589
799
862
969
723
508
817
1433
737
661
605
1320
438
1257
1498
975
319
1439
2
1347
55
138
145
545
994
373
1349
267
1183
613
47
725
1288
1204
1323
168
423
720
1094
627
1437
767
911
634
801
260
1357
579
394
1403
1153
1309
135
507
471
1163
435
694
1159
29
501
77
578
254
177
1133
677
706
789
486
748
1093
119
1373
1392
75
1331
689
245
1244
886
513
83
1014
1253
1456
426
1332
839
640
650
108
603
277
369
1340
1477
1282
595
665
1032
1114
1465
602
998
450
1150
1232
934
535
1319
387
758
84
1463
670
53
1219
939
993
598
842
1343
499
1400
678
1174
1265
17
61
78
1342
628
485
1352
1410
1395
52
878
391
687
1048
920
1251
424
496
125
527
1469
1271
255
421
1387
166
1276
555
1210
1252
449
1203
884
346
977
814
1039
1162
476
113
867
1423
461
1295
115
210
212
604
233
372
453
515
150
82
1304
1125
1080
599
280
1152
343
95
1466
808
127
1479
263
302
592
406
184
1037
986
500
859
1408
717
190
905
464
967
941
462
262
1491
1040
669
432
23
1068
1216
1324
525
1164
1021
209
964
1383
1132
980
322
1399
825
1050
1097
93
1211
1064
158
834
933
1223
237
1206
1292
401
981
165
888
1459
1355
309
1368
899
664
557
947
1061
642
987
571
1297
1249
1002
974
1140
1167
1481
700
845
1112
705
1248
1076
712
735
149
1272
811
1291
1187
1447
50
1041
85
573
1298
126
876
11
755
653
110
1060
1177
44
1053
1296
1488
195
1038
1275
539
550
1046
347
656
45
1458
1435
26
131
198
242
321
1446
935
683
234
146
1113
674
1316
413
282
615
1300
1054
741
716
881
303
774
1192
172
305
418
1214
953
541
1287
468
402
493
504
269
207
1201
1310
1104
836
1277
682
246
407
176
923
1335
1337
141
1457
937
90
311
611
594
30
429
962
840
279
136
1107
1035
300
1109
27
1261
1069
1073
1049
762
1105
558
1404
1344
415
1485
896
880
857
368
320
1284
1474
231
490
1450
446
107
222
1462
1134
779
800
770
114
63
204
891
709
651
791
313
703
385
1394
147
451
87
898
5
314
216
828
1168
533
1372
68
1305
1042
910
1351
554
813
868
956
1191
724
337
1440
1436
328
20
296
759
698
771
1334
1286
498
41
46
14
1416
351
1015
610
36
1336
897
816
196
101
1202
188
266
497
396
1182
1374
399
625
306
1396
428
936
441
1362
152
1250
163
293
660
384
1180
1484
56
621
1092
1274
1350
1415
382
586
773
1424
843
635
380
1151
548
931
863
850
531
608
219
943
893
332
900
566
510
175
225
1144
425
1306
455
139
460
417
1476
