635
1484
914
1466
1429
905
1402
614
1392
168
888
1451
185
929
296
236
1419
683
935
1174
441
72
238
90
444
1025
915
628
1112
84
738
493
62
1177
1047
744
1
511
144
1372
735
668
485
526
829
981
950
1209
139
595
904
798
665
1205
1215
1257
480
955
1055
137
1180
1222
41
965
160
512
969
1267
999
1133
1092
789
206
503
544
850
385
453
1048
1244
1035
845
1256
440
678
286
1340
463
922
145
1132
1321
399
775
446
464
530
934
277
290
693
563
816
605
13
525
316
240
1361
1099
727
148
249
1289
809
121
1293
1199
1350
893
95
434
60
268
20
448
138
841
1492
1477
1315
1407
449
817
960
1188
104
664
1254
574
568
802
509
549
900
1010
591
620
527
921
973
1406
398
50
16
712
257
53
1124
261
370
1485
1230
794
96
1490
1075
1060
106
1211
85
307
229
310
1329
1261
70
1145
82
159
1005
1338
292
433
1422
837
373
520
896
560
1093
1379
996
1335
1290
646
826
517
542
783
1292
78
613
923
265
10
424
889
593
992
135
1317
38
1349
97
1476
119
1396
977
621
1452
1318
796
875
35
436
64
123
1499
961
250
569
474
172
1170
1052
1276
558
650
23
1072
203
400
800
1440
611
243
1494
1238
1202
1336
324
1301
380
27
171
1398
993
52
169
943
363
773
1120
71
838
494
1186
869
180
1064
1159
421
612
420
594
224
1003
256
231
566
853
1248
1346
1459
1300
940
891
684
756
949
1307
1325
1403
1366
781
576
1013
803
933
1324
193
585
1020
111
1277
686
1141
518
165
357
1122
562
1231
1080
334
894
1486
858
1058
497
651
452
393
1213
1204
1062
918
557
989
508
1469
4
1271
305
1360
408
346
1441
820
218
1106
1164
501
1178
746
590
640
761
644
536
1320
655
1212
419
1449
430
1309
58
721
1146
328
931
957
786
1089
1163
662
1167
930
26
748
1208
288
211
1198
313
543
1374
152
306
1454
994
1295
728
606
1158
1074
767
321
1332
1082
1004
793
1288
350
1116
729
176
1201
1236
928
1245
118
1443
1175
843
1181
687
995
787
311
1470
1385
31
1039
155
828
146
166
182
692
906
604
1049
1054
946
1109
1217
475
17
1021
366
766
1117
410
478
538
1439
849
143
1018
149
600
1126
371
48
325
21
1463
765
1284
1432
1088
1352
797
1285
222
1381
91
722
792
863
1416
912
631
269
298
844
1272
836
126
716
425
1296
1119
315
1280
1223
819
895
1191
302
331
486
759
415
375
1343
547
194
903
242
1387
483
43
66
689
369
407
936
472
496
669
641
227
484
573
1436
1143
1114
615
1471
663
1189
723
1057
239
1115
1448
866
676
1137
223
1026
1113
990
942
39
770
108
379
847
1193
190
713
251
0
1412
771
701
281
127
1176
986
107
500
1472
589
913
348
492
120
533
116
338
1339
154
882
670
1359
115
57
65
181
1253
750
113
1019
1197
762
1185
209
161
892
599
1341
561
698
1444
221
677
204
997
980
860
812
178
170
1221
173
349
1488
466
1482
1169
79
67
2
715
1365
317
516
963
198
1094
253
598
337
196
634
1358
1446
1081
456
1234
1426
1015
355
788
1210
588
1225
570
200
521
361
409
550
360
970
702
848
661
719
578
89
1386
672
506
952
607
638
470
1367
177
1283
175
1000
1461
1457
855
150
833
1348
1417
790
1259
769
1157
546
1011
1207
267
301
153
778
873
396
763
1195
941
432
710
751
671
1101
477
1085
659
74
308
1334
103
1053
1233
815
1154
1086
529
314
1425
988
1415
1131
377
42
295
1304
18
1354
1030
1428
835
1142
381
587
423
1281
134
1302
1368
422
1171
881
758
1183
1401
811
459
1342
737
1166
1286
460
442
779
985
565
326
964
61
528
498
1409
1442
808
666
1023
228
270
412
88
1130
318
1128
555
739
951
1252
523
1153
1431
213
583
162
1246
629
804
633
1364
443
1250
1265
608
532
1369
1118
907
718
333
649
1370
579
304
5
63
1263
1135
876
823
1051
9
577
403
1423
1243
1216
133
1066
1356
195
1357
602
617
1311
322
643
1303
717
720
114
1095
917
682
1149
878
77
330
795
867
1078
394
810
627
1232
1237
1437
539
1027
1190
1479
214
540
730
939
1079
531
958
272
757
1242
658
87
1483
1404
1319
260
259
19
1227
768
404
799
262
622
609
327
468
690
342
691
807
1424
68
864
438
69
1331
402
1136
1330
898
1129
1127
30
1068
772
1218
487
1182
780
1453
14
685
319
987
36
481
1017
389
1206
455
1418
300
752
208
556
219
282
235
749
831
932
920
1239
870
537
1147
1493
1298
54
1313
1203
656
94
254
601
774
1377
117
226
1497
1160
451
230
696
1376
1435
142
597
59
740
217
1258
645
1200
80
777
1108
147
1347
273
639
680
1194
192
1390
1327
944
86
395
205
514
186
45
358
215
341
1478
1328
1269
1125
880
1344
814
1322
1165
382
1460
383
1240
1371
1228
632
426
22
945
1070
753
1038
284
411
374
197
575
1037
40
362
982
1235
626
309
972
1282
1144
708
674
782
868
1305
401
391
351
247
937
979
1006
502
353
1226
241
1297
1397
76
479
851
418
73
210
976
47
625
731
636
552
367
1487
323
584
122
877
1262
289
458
264
832
1353
1022
8
1498
553
805
694
925
1480
1012
534
320
1096
1155
954
902
1408
856
347
1110
11
141
112
1278
760
110
1468
1214
397
1455
1291
852
427
834
1382
252
1433
294
1421
439
564
857
274
854
473
28
207
83
255
1065
34
312
1363
263
1474
1260
1458
156
450
7
699
741
1100
1034
37
109
714
919
725
1084
232
785
1083
733
513
596
879
1268
1187
822
603
212
1067
33
653
157
233
700
688
413
189
388
1362
507
571
1400
745
675
840
1107
1076
1405
1427
488
125
167
1384
592
1063
1266
637
164
1111
652
12
1172
454
1467
1462
51
202
890
1249
648
947
618
329
105
974
1220
1001
1391
1375
248
469
359
29
237
129
1420
991
971
504
1450
128
764
724
1314
1077
998
132
1042
98
1033
56
734
1355
975
886
916
1123
280
447
736
1162
824
1345
1264
704
1270
343
897
1447
1061
368
93
183
642
1090
271
245
1294
1069
244
406
285
1229
784
673
416
545
1388
356
695
279
332
1438
101
846
978
445
842
1481
220
1097
707
1241
956
345
791
859
495
1306
732
1316
697
743
1411
865
1028
1430
1489
647
948
283
1045
681
335
515
1383
187
225
387
46
909
953
742
1151
191
899
1380
1121
490
386
510
927
297
830
801
188
199
839
299
1414
1029
278
630
1410
703
1040
1495
548
862
1224
623
293
1007
336
352
1496
1445
489
1275
541
1073
392
499
1434
580
1044
1308
581
747
911
679
457
216
1192
1279
465
287
417
967
130
100
1091
467
44
535
1273
344
25
1247
959
234
471
372
874
619
1274
709
1312
825
551
437
966
405
872
340
55
818
461
926
179
1043
657
938
983
1323
1473
705
1152
32
378
654
1138
1184
1059
291
1002
1087
1394
1103
303
92
6
1102
821
1399
910
1413
1139
1032
482
908
431
414
158
81
1161
151
184
258
1373
871
49
776
582
968
522
1031
1393
1041
1046
524
1333
201
1140
99
1465
376
984
1219
883
616
266
435
519
163
3
1168
586
1351
1056
1024
491
1173
1050
1009
1148
1014
610
365
384
1104
827
1389
813
1475
364
1326
1196
429
476
1150
1255
339
1299
572
15
1287
462
174
1310
124
1464
559
660
24
726
1179
711
1251
901
755
1071
624
887
276
1337
706
102
1378
1491
962
75
1008
1134
505
1016
390
246
1098
136
354
1156
667
754
275
884
924
131
1395
567
885
806
428
1456
1105
1036
140
554
861
