156
24
713
44
1207
1027
1175
249
845
339
26
501
125
1327
710
1150
1146
1019
419
1298
1094
1257
158
554
1199
206
232
21
884
505
888
682
1367
456
416
330
1122
1054
792
189
498
358
116
1459
1168
527
391
827
586
1075
1254
1445
1470
146
507
297
95
1358
100
413
785
661
162
1040
1485
123
703
287
1480
582
1342
301
584
1347
472
1195
1035
1083
722
257
1339
203
1240
1336
1178
424
544
553
337
1214
101
998
637
1242
55
1037
1356
1345
842
1089
188
959
434
1267
313
569
278
314
913
212
453
629
836
770
1099
704
1024
752
798
795
397
1173
1426
1303
82
1302
905
1223
1489
1346
402
1132
935
693
348
51
437
680
1305
957
270
1412
815
1189
1278
228
75
975
174
759
650
686
442
1063
390
603
388
1057
366
138
816
31
446
689
1390
598
1034
42
91
509
157
1186
707
1416
224
1287
939
1335
197
533
835
211
712
129
408
728
353
666
898
1388
79
762
653
167
1337
1018
1169
1436
1192
938
942
1269
736
438
771
674
196
920
1360
58
1371
1112
200
160
812
708
607
1036
1049
291
1209
740
694
1251
474
769
1400
817
625
405
179
1081
1116
790
1051
667
70
1273
49
1212
1156
1152
1341
210
741
1478
1428
655
528
840
914
114
634
1477
332
1196
1009
377
565
32
40
471
893
1170
954
469
1042
1454
1167
778
1020
406
731
1253
768
378
466
1282
152
602
1398
1368
820
320
88
126
1463
522
1013
447
568
178
486
1046
1383
1076
695
306
487
788
1067
290
1191
692
60
1028
572
551
1396
999
948
50
1350
758
747
386
1065
985
516
1344
1004
372
1060
1429
463
1399
69
223
977
866
389
243
119
380
169
199
411
461
1032
896
1
673
850
993
1285
930
191
141
1405
37
1055
1098
1425
11
1082
504
150
611
1491
1234
1197
671
525
171
251
261
906
1127
1321
1338
748
951
1123
59
57
899
281
240
515
1165
80
992
548
135
326
1007
685
595
1157
1079
849
986
735
1238
1325
237
1434
633
323
1056
1292
1074
576
520
738
630
912
1268
1441
56
137
293
529
702
72
376
620
497
111
457
600
1310
1141
14
781
952
74
1421
767
1080
733
349
1308
285
1272
385
375
1266
1135
1354
1001
1299
1177
1066
420
1288
535
192
1171
1319
644
726
1372
1376
856
1381
421
403
927
619
1010
934
1015
371
642
760
1279
1000
949
917
573
706
85
28
932
1221
1163
523
1219
1473
841
903
1077
837
1050
627
853
429
73
967
534
868
980
1307
636
172
648
978
638
229
923
1069
834
1120
1142
892
370
266
89
118
990
491
292
761
750
1250
1216
193
1397
459
546
488
931
267
564
540
890
286
346
132
1276
806
1126
1419
984
1353
253
202
541
1451
275
185
732
961
35
503
1023
624
1453
1162
801
45
427
1415
481
983
78
1153
1104
93
1297
1117
98
1386
936
276
807
763
929
737
1140
1359
1294
1291
239
578
271
398
1119
350
1448
751
1439
901
1185
307
574
944
205
1260
832
1366
560
1244
1088
1409
268
862
612
383
482
1118
940
567
1187
538
720
539
317
1147
500
1176
1097
1154
502
479
435
1482
521
30
1247
443
635
508
991
550
1218
1295
305
794
809
53
1274
821
467
244
1286
953
1283
1180
180
142
1270
1029
843
86
729
690
1235
865
401
1447
1078
333
6
107
1403
384
814
1095
1375
531
921
669
476
1369
579
742
1058
755
1064
1364
1275
811
363
1476
1085
484
1363
12
754
632
1402
360
1468
324
910
415
220
462
1300
1090
254
33
536
1237
711
904
902
616
121
604
1008
956
1374
941
545
675
309
1315
1330
1462
813
1394
201
392
1016
1306
81
1404
664
804
367
958
727
1243
718
547
976
599
679
325
705
995
660
113
596
10
1393
183
1208
148
1252
1188
1424
626
227
315
1190
176
151
822
83
184
594
496
918
1217
787
361
1417
1204
1011
1022
143
558
688
730
124
1102
1228
335
409
656
1200
757
897
997
318
1311
979
559
341
1340
407
1406
245
982
354
532
1047
299
207
1230
825
937
130
514
970
168
217
701
1059
588
1284
355
161
311
460
133
575
933
518
465
831
67
400
1265
1084
1052
1241
592
981
1460
1070
387
425
631
0
436
1258
418
27
1109
41
517
99
1017
799
609
715
789
1414
926
875
1129
1248
1164
1134
489
756
640
1410
683
1395
928
589
1452
1316
749
654
274
587
796
17
844
1121
969
1005
294
895
880
1236
177
1229
894
120
1382
1362
242
597
1304
562
155
190
321
651
1062
1184
61
1264
519
452
76
38
766
871
1355
714
1494
1108
374
886
1420
1461
404
87
782
1255
725
1039
676
571
1438
365
319
25
209
700
605
351
590
1422
9
1155
1449
1227
974
1096
1317
279
743
23
122
343
117
511
824
468
455
739
1061
513
971
364
878
16
1213
678
859
1379
879
530
1430
36
154
1124
1115
665
945
357
881
432
1456
601
300
615
236
298
134
428
709
1492
848
805
646
1072
104
1031
1475
681
312
1231
356
1151
1101
764
593
606
1114
1130
1423
235
1277
1442
924
1202
423
46
617
1025
322
925
1328
777
734
557
288
1322
454
1351
1432
52
1469
1131
753
29
5
1280
48
7
670
164
657
872
668
1293
272
1143
907
1498
697
696
1484
1387
877
248
302
1474
260
422
445
1361
451
776
1091
483
440
1215
470
1222
94
1174
549
347
1249
1413
108
1239
1431
426
448
250
1290
1479
1437
716
105
1038
1144
647
219
552
826
1033
994
1314
115
746
344
1464
3
215
721
393
112
1450
968
77
1179
963
784
621
2
494
860
1348
328
1041
861
34
818
639
698
1496
1128
591
102
847
672
773
84
159
165
106
506
852
4
464
1392
63
583
566
1194
198
717
1113
282
1401
1296
92
1014
851
213
649
295
473
478
947
1384
802
1193
1137
916
561
628
64
490
1446
128
870
18
1443
622
359
563
439
663
911
1107
1159
524
412
149
839
1259
1435
1044
687
381
662
331
1226
772
1021
65
110
1158
273
779
919
645
340
485
1245
43
1261
181
1205
327
1045
1110
846
221
797
1148
960
1301
304
182
1012
876
39
987
414
352
475
234
153
1373
1329
289
431
780
140
1331
908
1211
145
136
855
887
867
444
277
222
263
613
745
71
1312
1093
1002
19
139
833
283
724
1206
1466
883
1313
972
175
1068
195
187
543
225
803
379
623
723
1105
316
1385
231
1391
216
1433
719
838
1125
510
247
964
280
109
1324
965
1281
1232
127
262
900
608
96
1481
417
303
869
1086
1490
265
989
1332
1365
1427
433
775
1138
526
1271
368
238
269
658
308
950
823
204
1003
577
395
1181
1497
1246
891
259
1220
1487
909
1087
394
1323
793
20
800
691
1289
264
1465
996
1006
163
1455
103
774
1389
1172
1225
1210
1343
1103
1471
610
1139
889
542
864
946
1198
1048
1262
819
874
1357
186
1493
765
641
1201
1334
396
1467
684
1233
170
214
1457
131
1073
1133
555
362
480
255
13
338
1418
1472
334
873
1444
1440
15
345
369
677
1495
1203
284
166
955
230
1407
1326
68
373
296
97
1183
828
922
1499
1486
144
495
1026
329
1488
208
1408
699
493
808
1030
8
430
1100
477
218
882
570
943
618
173
1145
410
1370
1263
1256
47
643
492
499
310
810
885
863
1071
783
252
1043
1106
915
336
399
1160
858
342
1333
62
1458
1182
1136
1378
786
556
450
1320
246
537
54
194
1411
66
580
829
458
988
581
791
241
1380
1053
449
512
962
226
382
973
1377
614
258
233
857
830
1349
1483
1224
90
854
1161
652
1352
1111
1149
1092
585
441
1309
1166
659
256
147
966
1318
22
744
